126.297979089227,99.2010637536564
85.75085587684754,87.38675011659294
54.332745836994704,71.17286388492552
112.88211149987268,42.749731531896785
63.45287251668732,119.1990977263667
64.56412651039254,120.89064447569203
69.67538179808098,54.33691583326974
73.31501752368992,70.38014028190729
70.06687175876598,79.96508669878209
48.96097071608432,130.0626720116375
129.579076307373,147.12723980781283
126.44749588523241,109.88589973318655
125.54156020448994,110.84668040258714
97.68743919566904,126.88702788005293
114.1282225087046,114.68880478900093
41.89884854000068,92.67364115130046
153.6466759151698,65.77263948680758
62.337206380258834,96.53325976653828
105.1698599131947,154.76020287073752
82.46281223814742,104.36808126912813
31.82746827502887,102.87579964639086
163.43223906051205,124.53950556990046
62.255567800013736,75.47726352266366
131.24586177883876,120.55185977301619
49.729923872812435,91.74873028700364
141.1623424138451,92.54836260390967
106.06833842833439,141.13308479703394
155.79947563767638,128.28676194488364
58.28384012661696,71.92212945832364
150.25427650523793,118.4463207905672
74.32986788010561,83.38489217859954
114.41641501397,49.95082468116401
150.97387772750434,78.12894806775397
140.2119462180426,69.51840268468752
70.12457366402052,156.95720404571085
38.56195411284913,119.95939340100196
146.10866356690988,91.46076665706539
69.44965988100475,139.6096114911215
90.63152165502872,96.8332013441179
116.06253443457246,65.59289346329594
81.18569767875732,138.8664696766576
143.54911607205293,64.8923971360466
78.57487804835802,33.18746918381172
157.77212438424598,63.49206130554998
122.30046902780789,47.16909846820847
97.73349282535084,57.54840320444941
71.89615958391884,68.93374967574783
41.18373597718059,82.69742320247857
103.02555228289611,64.98862572584265
57.63426693634655,58.364055039854335
106.14583835442512,101.49847248339181
136.01878122484746,81.5651739372812
90.72480388840032,102.63677819859637
153.05504291709875,69.93660725088486
78.96451477341412,48.75466187477131
88.1360653969482,127.1028754553338
134.28090049970484,160.5411415868582
116.64769831494155,49.99903916635231
89.36096820539052,80.81517409209289
51.50415786534774,91.09838471367895
104.7037627850931,128.3132801779756
161.32707866037336,112.16241721067178
68.21088552787253,105.52970527236735
114.2904729942468,117.88599885511053
120.39032653568881,37.79375291643889
151.37054088999517,59.0959327660632
97.34993642890399,132.52826440720503
33.474654774975576,84.04443623137108
94.00793369899942,149.67047798863584
73.69935789801218,108.97010284550299
60.07441528176793,79.3222368577581
106.81258548534598,169.0921193203254
61.34366924536083,122.09907373036486
107.23617413124428,92.81337260360208
154.80588973789628,119.44811819019534
71.23946707681745,92.49231951474022
101.5034105976244,145.12527088173113
131.2748334715047,97.2812624218892
139.28080101761188,135.5743196631344
139.84081475850707,52.67824477702297
42.55844290317794,107.28635603005227
84.59379146779654,32.42017337209213
155.85290590444703,107.12710745169649
109.40672929132079,155.96597940483983
79.66379103977368,126.41901635598944
111.66090393672559,35.49200964258532
151.23858022931637,62.84902938238446
117.7749855684103,122.75436075609785
88.52985269131652,90.69065496345152
141.81190006102153,105.69634143633397
90.28461317361504,76.47657043087716
147.09415736778166,70.16079534381754
84.28735834219839,43.67137494173752
52.87584228118234,150.65474306415402
142.60033387002377,55.90977247856481
122.39405275371425,139.4953717360971
37.510091310362135,124.52730619346374
50.305752930789204,130.07535376949585
29.911330325207675,94.93942908711188
119.9087425713518,113.05313459379069
60.43819013086802,16.47806422298599
44.94719731494898,55.12952496410528
73.27629412738766,175.1269677870787
28.975766028669582,117.36503070754046
88.00085735728516,196.93091575766
197.96534074919023,117.82772555147668
149.96979659858573,25.84248756458658
38.55985709198697,31.45751110998316
107.52324099212088,11.506065528700681
77.00912830926383,176.44179312869255
44.44523099958793,37.39235031991011
63.1538688538813,12.370306697535028
18.79038365825496,112.49135332831557
134.8546515650922,186.6348780789221
45.19379659670226,39.94309059645922
185.68408227605983,120.42884180212346
97.48578332878068,16.60364922456148
180.76942423639176,47.678673228447764
6.255267745207704,95.99994792018288
19.017474873666963,92.15504129160091
29.362735421087827,125.16649079459252
52.5396236796156,32.171268284552525
151.79356823386036,182.2350812236634
127.09832040305326,187.9242601568058
113.44546183594095,30.41973031632974
138.59619959898396,15.855675701691796
116.8001059839501,4.146689673628212
37.073464662566046,153.6440208407001
43.521806333695224,38.03304552097679
171.18376434890465,169.26171079498974
113.53532903630199,171.26879596332589
95.1518633384614,23.724117979619884
148.5290082836276,183.03725110016646
193.38545762155732,71.87510709845522
167.61763956380673,33.679048703147195
156.82730925048233,37.65069605342053
11.316424304265936,60.70700254073322
9.885940611387456,129.84777717649092
182.68056645996552,58.53116528463125
172.70836335951256,111.64590805470544
26.924786534955114,161.4642955578236
19.60376497183045,134.83656420770384
33.99133933399088,54.39883055302233
170.6891804272924,105.86962200778234
154.42798394022788,37.041802338224294
32.63718273216452,136.30013725719488
190.77618798391174,133.01624366221418
79.76583162465907,174.29457787125602
97.07088106749269,171.814563796026
70.83990398271989,19.485271110190983
173.14003411435667,88.19117629297119
15.42057662593519,151.01006351954035
159.71850743705576,24.674061862208553
78.13125397284904,9.53629821772639
161.16291226070402,46.582453992410876
38.59598412524896,52.45846560576084
9.851942291654714,132.26882675933948
188.24352281604683,99.53167798777174
12.863716436674855,78.8396367966421
121.22976676861161,11.06248532430083
138.75413135788247,31.496684842725344
165.7316165478204,163.8116180505766
144.38958049583053,179.08041292680377
183.7805779971749,56.32482280548936
36.864080906370674,160.9729933619874
83.62397042402065,179.68206558068775
191.36601056810304,70.13366734855173
137.28475075062272,185.55129692940403
116.54475739265226,6.330816856222965
177.57671965018494,77.27132961175236
17.42788732504128,87.80335399976245
43.674582460021185,30.407996592524377
174.9093019224735,64.89196859669406
37.92945738813902,28.720812662235762
163.14896011854793,29.2924967700539
176.72720675625143,146.8983771750094
42.08740278920982,38.577652332688864
95.5627913370784,4.126460341146587
21.50363922820544,141.7674657451894
111.21773273243132,188.85534150613475
17.233917746646377,77.78218128341439
173.22289018765915,87.95884883713265
38.13378757334558,171.0357696486929
92.55099547866222,9.528509431655753
152.7039580467421,40.808144679907564
148.23495464087858,47.97470438862659
75.58107063740205,183.11775652732652
115.15573518908506,175.00358753563452
135.19389250971776,35.64238129015009
96.46726487662612,16.633643857998372
47.20841527955779,153.72709015504068
82.50597001567255,179.78487885834286
30.39132863541294,168.06649876070387
47.506512297472,50.87871992728235
86.50971659676274,21.85802486682167
136.3176448810547,181.69659855129083
120.16210230154188,176.67567470017454
158.77920398603914,145.4850949757702
14.89179888523331,117.58474928143173
157.5371095433109,21.08059697476261
100.0,100.0
