122.5733017893164,152.51051204310303
127.98631100692415,133.79305786648808
46.31051840872615,133.3047648657391
32.64587731519504,116.26558483587033
99.7664631331006,99.9698286691793
81.44029045519252,131.67184460570417
69.12389401527508,57.104621451502965
133.9215684880695,77.4525372291014
60.54723698710865,74.307144716245
67.60885908593369,156.11703939129737
63.14013627982635,117.65260532660346
43.48950733293033,134.09162217369698
127.15986323202043,77.25512261306953
133.65318132949878,59.23308825106053
106.95447775078209,100.34217767481634
149.84505009619335,142.74064682266388
135.76810731993402,57.88927516090985
53.90153746654984,98.54368614224589
148.4821352745431,119.35397500614091
90.141390945254,147.9371533172863
93.98600413168994,120.7879789050434
34.000992708221766,108.85489763035272
127.14989871077155,135.56443913596772
86.95086001611759,111.90287037275289
62.87549583193921,155.26509470992124
107.81783794252513,45.478375411217044
157.93168113591443,139.71003607191255
86.15475624768456,70.2734807301953
125.33204813550094,80.3632130986717
62.15179355956118,159.32311301667735
67.81692224440312,146.26878026199063
114.90902505969058,31.578037244763667
86.02265934783911,43.97701633119113
62.696920050612384,140.39713554661708
166.85527786795313,106.48318176246383
73.9236906894401,151.90051096195165
60.047474922493585,71.29604169369918
93.45563047457574,161.54679583551882
101.89788123658592,69.22835586597236
110.19147540673376,79.64607023246946
125.23867226759018,91.73620730005064
70.11066322540138,126.23443988715415
110.43117114608738,153.06393523526393
95.7226972776975,44.46708907519636
119.45667501738879,122.85308919551187
150.97403278888527,114.27922628790436
155.02922853545206,131.64107883327577
40.90057835190382,119.20683933308618
121.41443931089859,76.60839211228252
144.9002309700814,59.18022137157497
86.56019290899486,124.88817676781001
45.63325378908425,65.38186364377113
78.92105556914883,91.79266264762359
65.35615899354835,116.20202764707138
77.81438068687075,98.10655576011396
134.33219788047478,135.93295107965088
112.02781856087614,168.89783794778015
160.10283638277335,100.32921299328001
168.89210185304267,96.51579405470648
33.7126188017727,116.20087658035692
84.56103995367263,165.18493573716808
68.86672498817184,80.9515160424699
39.63483511721526,68.06133694550536
113.25703037715475,82.99044774396656
130.92716398229732,134.35922929807614
139.34530877210747,106.87154183555118
133.08672069686764,77.42711301421198
56.746337990687046,79.88706322089405
116.02080711098385,100.0926489624213
35.71709744787883,87.04095347983511
139.7707081649944,137.94714185189085
67.92106554628783,57.03162891326126
67.27469930474359,83.72862646287922
56.16720726520417,152.2493394776429
58.13473032806971,124.80791716964006
106.34429979475098,143.73034801281247
108.87668676836817,41.74939359466925
71.70102855372016,139.1414943490607
115.99039262433813,58.11178213962829
88.00312103288353,85.62226497468713
87.65835633152773,165.26288681598123
97.71261543833766,89.71806192729103
127.92469270738032,141.77657028083271
47.70348605901298,120.03805495046873
68.82197098018543,86.55260173914947
157.7417214971126,139.57949005263131
97.2072115273709,121.8087720497819
86.36883958441639,84.7875215165764
157.45533272333046,140.59210811917634
146.48248122986547,46.736843750052074
79.01670957020373,122.81824348997594
112.11282788964341,147.6979813125603
135.44394925406576,110.54321193211763
72.55584734084299,158.13304846740016
38.90309526289138,69.50732637909441
135.83346183939636,95.71421138384153
69.38048480433774,97.19918457835475
141.75263918595226,43.98871000146909
123.23487221844375,39.05854678505825
81.96274430388605,88.67642866500884
171.33126978092182,151.31929421137335
137.7852558433997,165.9065757525954
152.739758805869,156.09172060044986
63.58672718785472,21.40624137923579
129.9284114491214,173.09438234456786
121.64305374168876,27.10761560115509
39.22904709677337,144.78102081984034
153.74573509260316,160.9982115855114
144.36018626009272,168.01029402909666
17.06224213639249,44.210385130357025
134.15995628867384,30.324948829664944
42.37732765612896,166.85944105761473
39.91912599448062,143.63846914659663
161.7859223213017,162.3919668034885
148.43943311291255,22.72779180330535
146.2020983092184,45.01439432304009
56.238807740571886,17.45267731770199
180.85468415165337,144.72517235531544
119.46687495678216,194.5312346298039
101.1029787381698,0.8405928844728461
5.865725379595488,105.91105815406239
142.33626395878048,183.80763790019043
24.092824012395965,52.64262290040121
68.01999997291985,180.15432572862198
8.277451858294537,102.00709858793778
171.62857475994576,104.53854153346383
8.728722654184939,134.56197099185562
17.691425329233024,148.41132236279492
165.48099465043086,36.64459239143234
152.916632318245,164.32149924380943
52.6376329939166,42.97758382067842
28.789060606792805,131.42086783229408
8.139658359886791,134.70235637184322
60.25091853464664,177.64592827599742
29.130087375725555,158.63342122802743
118.6734544349903,16.996797947419708
120.11466478361379,10.390807422543613
172.12388493507564,39.66732258849297
166.82379928111922,138.0114131964639
173.69662081681614,53.16389193952509
183.92599077024065,134.582978558656
30.611102100884334,170.00675939397325
184.63607079531369,147.8697116151146
101.15940620467879,183.81541073429977
29.105353153682103,87.2683924689984
161.89769446389494,58.399912504131834
11.664347443562061,91.96851887961837
178.04386711933162,46.42239548425975
76.78658605540996,7.643698388351772
53.13269269847167,153.705159142471
77.91574372565564,27.711343289190005
99.6133753328534,195.68543138502594
131.7787539361682,194.19596033936583
11.55268181894682,99.12749829375282
189.91837758127394,135.50176155161458
28.353226655311282,168.93140123212328
25.871990914620003,151.78637701112382
18.377752910978074,92.56584676156996
27.527626051569975,36.617950151076094
18.114467951961654,92.07989793928213
2.4023431635082693,100.47543073457823
70.2221538187796,178.39247110486082
154.58424997928842,42.962850857673416
136.65389696265916,171.53693005994413
112.08320727439643,174.10464837720662
13.52487956002275,99.82273265902195
181.76615625917964,86.68827187351165
94.73596512659101,8.451528082288352
15.453773639423417,128.34687609239552
100.83678630702202,29.1272432327615
181.31905131700677,156.39505256688193
45.95773481167957,166.49486832431762
150.84764807179522,152.9819723998185
27.235755649198268,127.87029033745307
17.493973433776123,109.8445985136447
48.15045171931713,173.14284957238903
192.22818182332293,109.54397758332249
179.5377626465942,159.9472912129917
25.150387291736976,85.38063948572226
139.85140843927724,35.85524428875855
65.0814272294771,26.327177446595385
54.390086689845795,37.90099309916921
82.10068029515725,17.713026416068512
135.39480597944237,187.17307732230248
71.01976688343623,178.14097848687294
111.7270612590491,16.32873318309125
140.03418264732645,159.41637191309712
169.88423832136107,76.96744586992894
1.8706820258969525,99.23325385441402
105.43874716425512,178.0446161929919
28.016008257538026,143.40879399246063
165.66281946420068,171.93976131695428
118.09155391390887,174.33245844895612
161.18789138758046,152.35053456573084
10.362648838831422,134.22892557156715
131.52813824809294,169.6365518866867
72.18620407558447,177.16543766247364
182.1675296136242,73.11068052716206
42.52004775779257,176.77449420861723
88.87233169718782,6.851141835008523
100.0,100.0
