51.99868451682881,127.41225763136343
54.15667613161506,58.47032159663173
117.82188473696155,93.51972553662824
100.34864015798104,51.25287002331902
41.240382910648975,91.27711840345403
152.44796516360196,145.89491943958834
142.8440396086802,92.72439595531448
43.598948687618,98.21896224893369
106.41591606431334,134.76739095329285
89.23842932430071,114.974149221528
97.80845609844178,125.19442031516475
128.0823494881743,150.2346196645006
89.95385774024744,92.40655428872158
148.43871025257735,117.68339153171428
126.86376850236314,51.42110159732272
119.76472403834492,76.81654943067464
149.2986490676032,84.17156269160783
168.3177048933788,82.96106070378147
110.40804731543913,42.26649692792523
87.3052348720979,120.09077945912267
91.3016330695817,32.23150279766638
98.71907825860767,157.9078467733181
103.69523219215971,72.51842301987223
102.05164259676613,140.3612970666138
153.8508355080048,93.554833690277
59.2296598250027,134.11979097312053
32.65627619286524,96.01682394852094
109.93834070931253,82.3009090167897
143.8460837975649,148.2624607159515
45.496057447948914,82.58937077552169
122.01996978663769,140.3892925460126
39.72524973936915,93.06188729342206
92.96961027449898,114.28903396101764
72.02707585421386,66.40562698363333
98.26776138102854,41.91126765249364
143.57744321053724,144.43024577924152
88.01146048633044,82.8643489593886
153.01014250941807,61.506811855418555
56.521147179217635,143.57580507631965
133.22195917890122,120.65365154969207
105.23648160731744,73.42996186483848
136.97031891136027,102.43058645815732
61.07446215550982,85.89873004801805
82.80744359754321,42.80313218486205
132.41110549389447,155.2257963444539
99.82778045240046,139.88265575322626
63.12778730951123,109.01179979363522
109.96461407434998,122.38077336266487
50.52897379164713,123.95618009047564
67.93281947760666,46.009856784003446
79.30952437293008,86.24027738161864
73.4852121727097,107.27070915175231
109.22777761840537,46.565516724121416
66.92081835352977,133.53606624089068
59.771124695057296,131.9855210612406
111.26928022916655,94.56598440977102
57.48209411967866,68.89343967093969
81.16369651862851,147.4205333898003
125.7812928099804,120.50161469865985
88.249668319184,147.37659990427798
65.4163508648146,152.8952451535896
43.458432818002414,116.5317169449509
155.55929341352635,75.78260026563919
36.63940385088211,113.14412275287367
160.76720658568556,79.06787426508184
131.51618446176147,136.2354844180511
121.60779017234276,129.27701012155018
127.5386329701079,135.45238933580669
125.41391445573996,64.17448181938641
115.4956699031467,93.62549363761492
139.38775811315247,77.69226301623276
105.96803800038586,108.0326704888628
116.8519165283413,120.34608321399716
88.71356773066681,33.24484422019807
147.60631201961684,149.7679311698638
150.56711268644557,103.1619360562741
90.22321261724855,147.047055375994
93.41963069384178,151.28082316130562
52.251455244848685,124.34283201651131
83.45031934305709,133.60428513132442
85.11344686085822,107.30869486314711
81.56633846523846,122.19757820499355
70.04872624790661,110.25956370882055
111.1842061362629,121.09426973547275
134.10746704790216,134.8827032250321
119.25975045858333,125.48777171457427
151.59636882968726,80.37556797879672
153.4608919308331,82.22325416765113
131.4384139452416,89.319717766507
151.19473700343568,66.04158285442672
106.59594547310492,136.51407842173228
83.76052126719986,74.08169302952822
115.29860321798111,77.57853989287928
127.23374360955009,94.59812809179284
83.64088273581007,31.252053761563726
164.96445141101802,111.74630158168333
129.5504685795151,102.11821527414668
90.80896967429865,87.38037903828493
149.949816990869,85.99444592655627
88.61393084745698,111.55870746266731
174.5067673603047,53.52425843108421
172.50066855446923,88.61616252987439
10.090097920510367,109.34824388251829
172.89060062831945,90.30764471445585
24.250742465612717,108.9645570748906
24.568875946508363,141.20496738454423
170.29201894530578,37.40793778024547
34.98226154916475,60.217598690901
186.40822427159588,53.437057939301226
40.551357835976766,25.28109835081278
8.561531339414774,114.1060931722305
30.264873901563938,128.57025224559123
148.4689235606155,170.707537823592
27.941776971731038,154.93488296490537
158.46659373855923,28.026804233369894
26.25151367866685,101.09152747593274
9.349885862308206,78.88858789402752
135.8396249844527,182.01568126370262
84.87366704641677,9.00502947180648
138.25403431210128,36.30063597307196
157.55922942227744,33.29116315509755
69.49444157811475,194.70532516369582
190.16159430843067,68.3721195694415
123.55516359558531,16.470767083713067
4.277660534875594,95.7105520937741
90.49348584434634,12.415959032368518
121.88594093667113,5.714526266533682
63.48880753517232,190.2732581694936
194.5308774197545,86.81764904279274
183.13055628343042,107.9179926474493
67.48268230869019,188.5421608325732
19.121856852373508,61.185911327388176
73.46071128149556,168.70006439354802
122.0714174561185,178.08007602946793
113.3427111019056,6.624732657885768
179.6672430921092,91.20245646700036
107.57555994981998,25.881122837416303
17.387658397350748,100.88356102962643
39.781575494009445,32.392898959614726
51.15952541417022,182.8843493744849
178.0431340038266,80.28817663470322
137.76942921371156,13.79453682727856
71.57303524487533,12.696827153972912
120.77674873110263,181.29409455063782
8.674706053181481,90.54202066896981
192.02332564301278,114.85367471552001
126.60780353487662,189.0542797964903
27.768958963632564,160.984957991285
157.4355064456968,55.688781836202494
167.53864369157947,163.00531850439347
35.65449096549034,31.963888995345012
7.128452894625559,116.67516901443717
65.73855782015696,16.485068889465193
48.242441150724936,173.7884611022483
66.77732944149332,30.909984555887426
188.88788881934985,86.05339262462147
81.3583398691105,4.850084326195514
31.65097771829526,164.32324627917288
186.1593575603279,99.10049666802416
167.5105786776516,127.24759916519488
70.52781688663032,31.26986487912773
90.89370275304833,10.841152668445053
186.98822350307574,64.90006023823969
49.89983625126555,22.749064863119873
38.527865032930485,28.32547438128039
41.4640590596306,40.81894579051515
176.0548539753951,143.47501841856413
16.810442173794925,77.47024596257235
175.66526302098123,75.6363052662075
116.41573263814395,31.091615461729695
198.2636198630792,114.76974424623734
141.42563135885885,183.19401741106273
54.619161873288256,179.4739346869298
52.24781965071059,154.44561235305673
16.459123658149476,137.8458835619936
79.46804629583725,193.2656755374149
155.53084349976854,55.53713780365881
23.555230922388336,51.21845042916495
29.308716218905808,145.82686529512293
74.72436993549596,173.26289261638652
109.21769002246859,193.0970880341324
165.62825296432194,45.29620910361161
158.4950925763808,24.163196505566177
10.112623712373757,102.27038387855274
152.26778768863684,177.5714182501493
188.93088670678463,57.78626378860861
26.558224920444108,94.85566892733448
4.427190705523065,111.58240227685774
33.735773990169605,125.21494795635274
126.12146295869368,178.0657981774509
35.065888843516355,135.84338072094283
168.58258932682253,154.17241416750684
45.266409502336515,53.20607879125075
112.49447677083202,11.756765843499828
182.32236671947257,64.26442564793095
16.203320233727037,52.630425740223515
140.42674850517994,18.98502694523645
174.8451318566095,105.5303207780739
166.7122138636156,154.16457432220676
115.67752487231935,168.97619450400708
100.0,100.0
