53.41451728521997,82.18371819001872
42.66133385822985,69.22805893131503
68.99218619980904,46.597174852829596
144.97897900286168,144.6206359014517
74.50167738754092,76.78894979631248
137.3101181831941,111.95982685394073
127.25437495750403,40.763101267026755
51.73667790431653,119.39059823350581
70.42646277164279,115.70860578570543
40.94611165322972,94.95839362919725
93.9450175083202,123.61027344660236
56.49109701185815,107.14409229188486
149.86867966542795,103.96375476470988
80.48050594732868,167.33668577862295
109.05476962214797,40.34938276558162
79.20874247531249,110.48819844519906
163.20185795241647,102.72285387840505
64.85598302166804,126.37779363879685
29.43544380443006,100.52254262952607
135.88864820864606,147.77747084094543
63.34952055838112,109.44500164300317
47.48309225759901,105.31519636421432
71.42761718203599,53.07086562033807
56.80807422959546,77.0270539081795
100.35341908561584,95.8086435147309
39.28178176145556,66.61885357438044
98.22318665774293,161.13636650613893
162.28276662752134,104.62810043834823
118.53843216697932,90.3400133055525
123.94741159329013,66.32676075995991
130.3031413304536,56.03850517029849
87.32021682408512,159.72744349080907
119.08226804302713,66.2104202897786
109.32059408934592,52.49868238880791
99.31576169849838,138.82675525004996
39.915498310242995,131.54323092549365
115.46451240046525,55.745079024259624
75.08014319721535,94.0419936584073
110.53227831908086,120.95630483911499
144.01591541377456,74.8753465867088
63.205828376338744,150.36836164045994
132.20642741855798,116.93670273312544
65.90616198631194,90.67606805516091
80.37441352913932,138.82771470787628
74.07878566761919,59.9301215327906
79.86021446055827,112.99035314771359
137.63306958900503,89.18675307857677
117.58284678249586,99.10085389838936
124.17660626321623,133.0411151140254
130.34609667731104,36.79348184930811
88.43339869076583,165.44778927068933
84.75757904863406,94.92121828751763
129.61958805210605,129.81088736454285
84.45030505397706,80.7039739462837
114.37465322783638,116.57765887533375
92.32876569030586,104.9144515076723
126.95920449412989,47.718538843004495
128.94288099822242,113.07097798414729
137.87010547811357,63.68776363793911
94.97310539003976,121.26152122082692
90.68941837209078,151.85316271290682
118.1661811189064,90.85095500075226
101.40494446421069,144.60841720891128
50.226632221829036,138.31073189122276
44.0923650367655,83.02671304996521
40.74934930893765,105.8387690314843
154.83276873489768,90.37339883136882
35.61528140529153,120.12596607745125
76.11344642544813,77.45687045442173
78.84851684497691,123.40374142783111
46.97058665714238,104.54589495175759
165.91733291696923,121.2452493620181
90.78638481897569,33.236281539118615
108.99047234415889,152.58570358432465
33.74220719044647,107.13504130063325
139.71888025598344,52.08260388930388
76.44994033818804,112.38511176618233
133.05666712371342,66.85290185682587
108.41219269075604,109.62766332065948
52.70363470546449,72.60364944334474
109.05481110831727,117.31035057749924
114.52738060332844,85.99221498873086
106.44436376722064,46.534630294359935
108.11888000859646,81.17754093919669
129.6069599421661,68.15941257004212
95.018646679572,155.01957344941985
55.919577280323395,75.99100104318362
83.44455064900518,47.74253098538743
127.71271803384883,140.7917280983582
83.91599730111945,120.3187497342573
129.0630653347123,137.60792436203815
88.73805539062967,31.70077785130605
64.58508777016854,102.0532502029543
66.47199460258079,62.11764876916983
48.34424939050335,69.41689837453606
93.34692938437018,162.79057663652935
78.07665387503111,156.7555272075048
134.40802651792478,92.2196573308149
101.98306761858356,36.67658776166187
109.84017420690017,47.23880410896646
85.35016452578404,143.2952353968232
97.02656641651384,136.63608678106633
62.49602622421708,66.55470022519452
55.31052656042985,86.13893249526663
69.96330913840998,96.47698452607113
88.84616798592204,122.31831413264996
153.9417426127256,102.72938190373733
143.6703577025634,110.80179380621642
82.45659815451634,150.84941832072175
96.72225255861211,113.6833943563446
136.1412175962768,150.55114598593394
53.35255937758634,48.549153479004836
122.52135401375187,161.13244650333826
100.78134798938471,165.89212046196172
139.59438719470052,101.41766391122309
98.4718987930556,159.06520167413453
55.184245223983396,135.10473738108195
147.32745612102437,97.60202545803082
109.6494001587645,128.27958811869422
125.5088978760744,73.74718008406451
42.98446082566423,115.81130084290096
68.92462139148725,151.89806229336142
170.54119779411548,102.91533235488082
139.47073473038444,76.16767471601129
156.7907962942618,61.88056212633533
70.02571470325574,101.58754652480724
65.01120975244363,62.72929045539608
82.7503723061474,136.56862911038738
150.64417427950082,117.68171948984609
75.01370647234134,49.44834256514892
71.09429956013864,117.81912356866057
142.20643363019596,114.89145598493187
72.8230993595427,37.163375464064764
64.83446885331121,82.3480671627257
87.58061380875691,50.46157864006826
138.10892415502082,138.35130011985822
96.69742803657691,135.28043603048192
79.16400920980671,92.8695248136807
135.72590980075714,137.03586024611914
95.93699938803096,34.84563347820311
87.73970818912605,54.58425137729157
104.50121152227354,31.88656102304659
103.51894214378781,163.345339581974
64.4924750683606,43.407091354282244
159.19825568913558,96.84416333169341
79.93503440552013,125.28472901273506
160.90512363876516,88.82775299150806
108.8543235742538,78.33550575426462
113.61586653924624,43.708580008516584
59.25086381222127,145.74850617118662
52.95380873255433,136.73261446352848
157.14269878807357,108.8684950831922
149.26651041106825,127.49016844503855
148.87393946822368,97.25299846750505
121.67976530320568,85.83869993664975
57.4170815986514,78.17273338035258
95.20708400934117,126.36469287859262
38.234430560025444,71.9647210666435
84.17975828542954,139.04024058387083
107.12608435773461,117.75583435258343
120.91662707220705,161.91161000596804
162.1279257435619,89.08428678508093
129.52629514726343,140.05700018893785
100.70569747473826,166.23531067265532
123.09958054116778,100.03889997392523
76.51404726148495,122.19608326432127
88.04153040067615,95.06528974008386
72.3105308550164,108.58361720027585
69.36163966478983,99.493842052227
87.42682801168166,85.92226600234373
85.81923754509371,129.0531314168127
47.059911051840245,109.66680555386444
57.563175547096264,84.95427073655866
122.17054883575513,54.11141556416321
91.84173430690699,62.32353192998883
104.40994910941956,69.08560130172805
44.91297174737356,73.86795314611038
84.45242713408217,140.538332867874
129.65227413243863,105.33276200209134
56.282207924803494,86.45400906949827
51.68044707734125,130.6201248977675
122.20325406268732,128.17575722898374
162.41498231780648,99.0097727369232
146.91751543249686,50.03418066543954
148.97466819482585,69.34836282785008
42.224583286362936,132.4638255706402
118.40968646370224,68.09431363496594
133.6191294825803,75.31014235153417
96.76328671762522,35.73341216758386
122.17103853287388,146.29257025368247
85.39636370608174,68.91882288577504
96.56772800654466,70.74087047739125
116.76709235345089,102.3538965821613
58.92420800845646,134.61000662723978
131.52691026415917,51.940546238364995
131.53525106167024,69.45614198837913
109.97231136174167,168.28529119866764
72.72404819153647,110.3209635068408
152.15615003417113,102.31115389749357
89.21728926773238,69.82870265162116
152.56698839816343,166.63438687216942
75.66302388217123,4.484217463180862
165.46394968817467,56.82790861055105
97.5684801714835,12.263774988699039
147.42343813843686,166.02565133956645
31.33832679074864,168.8322655963644
187.6424834395278,53.16896704307186
39.02245237766528,58.49126564192979
165.88149951926835,49.20434105563813
168.56595421311192,142.25521617060696
62.954325050797856,8.280563382396355
169.80911025345333,74.14756025273289
170.84149418591005,120.19604658544152
126.43975010603575,9.715085276248336
49.03782095305742,26.306352427806658
34.54881958102207,127.86170865229933
170.47425347313094,170.81192006824406
145.12884042493312,181.92887385472147
96.6857001662292,27.115965301740275
97.83468188516271,14.748570168953435
196.4440007542079,93.43694503126679
38.30594790211877,47.08104538354574
173.5566960257013,139.61404276138788
115.51942726884722,177.56358598009018
176.47151382399295,125.33711127211762
150.52068046632542,24.36314399997532
41.92519353332429,175.09477901972718
107.73564540767278,26.053868237028443
32.049724745944715,140.79673466991224
35.535434030884375,57.50754616740031
172.77343333489347,68.9189664778806
123.62245743527869,190.55853686728145
8.659296689151308,118.29515183473187
144.53387892738795,155.4230105369783
60.91244336699586,24.823810116263225
26.844940725945364,117.0599767304257
12.370264877016957,77.02925430738503
114.60443616922633,29.84026853546098
128.357166153749,19.445011679868387
75.37602317300076,25.169057118045245
164.09289632546268,138.6597124588551
153.37106885861823,166.5078336147712
70.24093712237922,30.683391667776426
13.488967142559606,85.88139181337735
83.59328327410296,5.5872910795700115
173.83585180640267,160.48341304074933
51.86002290270848,24.837202872373854
131.63117818511617,171.61918615575462
182.64735474688638,104.59246177154988
188.18384513457082,144.81272886755258
185.61151395212383,52.25270007761908
191.12545570118465,100.28253767840847
47.14149954336111,150.68661895726146
38.480691453844116,140.07469096327168
196.30021286326863,121.59662891328662
147.89991970345145,17.694763466452734
189.27043502235833,119.39454608081948
62.79953743441917,16.472257048646988
91.30236457071699,21.295295130728654
184.80872928910955,77.27910622310841
117.375795976584,169.58811173440728
197.01907168930242,107.58708959124353
138.72674649317278,173.89161662708725
22.749311622874924,98.75379918394862
188.94503186752263,68.97389981921482
101.77733568362453,18.920718154606853
34.24090719042987,130.0296826482346
17.78402621322237,91.67778793013856
108.70937388010033,195.08100726584564
110.38650663529374,20.349678525357852
62.90076393955082,171.322362257157
87.27393867413451,184.87333012971118
87.82452178289554,193.16240862798938
191.4538835163684,127.86530706659873
95.0730250605681,4.120822258793577
180.5092564650667,98.57741567220644
22.63781359113697,140.52969963754109
172.34065685559577,156.46331760010298
39.549602335916575,26.652944298662295
152.36565697878,169.5432387214384
18.474558458150735,92.03295146060016
23.47597250345954,56.493783409218864
188.8879611316771,133.46388554382153
112.94413371116028,15.990358519746994
15.98824365444369,79.16609664418866
24.250261424270803,85.97152789760358
144.64042596919825,10.597022316410776
51.341175872167554,42.823116873891465
29.46312624726626,73.73767004350798
26.03241836957877,72.14691847694597
174.7930804721458,161.6322503695683
187.9141380472186,53.42938536111148
99.00740453643762,1.2925464601633907
169.85716386319777,143.8146310488835
137.13506331301454,185.2768668788982
158.6654471259549,159.96008233367564
21.855523309335958,40.869432829232636
164.14632549300373,165.6019103294037
156.5677587359421,170.02398056735578
132.8251240309033,174.34843609851114
6.680963522184902,117.27068668899052
28.71262582812506,141.84241469096213
51.69045332598583,29.037603530543944
7.772086306957848,132.13556533524212
197.3271009982196,78.0047457215696
173.38540253813463,164.79407224302045
62.1957845986661,182.81292639795765
193.75402764009263,131.37511325272826
55.923999924492975,180.6727462134119
183.72067677545786,122.94313466121432
127.33395254411319,26.863585242650224
99.87045230267562,180.04238691281523
124.43939348802486,6.997756088636176
186.44942779489247,69.95147803670343
92.85531453494578,22.86806842834781
113.809191024784,28.594007602718996
150.23324525410686,39.01446964558568
32.47100375985021,35.62624134870613
37.90382158427921,36.481842242423255
99.4032476969614,20.426657812998194
144.4941072388831,38.51536116090297
29.19102448012896,102.73744469241379
113.2550114959574,188.15034231685877
169.95484352119018,35.74094129503125
36.75274240712141,171.63508217591334
34.5293089513729,56.68575322910585
71.53933701280523,35.056276060348736
140.15126346975123,18.39188915205994
171.33895573486745,45.433501140737256
26.217870696888944,65.0403029402068
105.5621777388541,4.355358649523233
128.11076518175048,16.18656343809537
18.194595234035994,155.576678142165
17.296302263703534,149.0971664511948
99.18963575059654,17.550934852551748
170.74658339305506,38.07069206363385
35.11681867175432,54.02979334105205
17.161404753990016,106.83230557340298
90.8356257782582,173.78969166180718
191.53403861242472,140.01205378058242
31.924292892858873,150.82268159681854
41.41240319866222,177.55830492015303
168.55428304994925,162.8018993931608
47.46474688647946,175.7720735206649
27.220838718140648,82.79851398352409
104.7644696645231,17.863333716634735
66.08149032865616,164.67021893910038
27.98557109726858,148.26880344912354
25.262320140828322,147.66915250381118
34.5899910990062,71.7056438740721
181.71239298949283,127.25875251129801
149.02849030342992,158.27646708274844
35.197049364303325,24.85191023420048
155.28603358329144,176.82447392613136
140.9108928649929,173.16189292489625
118.97789844004016,5.352052792594808
166.19139702026732,169.82338978160968
168.24515785768307,148.89812459887114
164.50554559156637,139.3050310984645
155.33982816083028,168.37887926627835
65.70268271565942,185.34560085678322
68.51612155034348,13.371991578898722
181.8246817102199,129.5565162368969
26.013205496883728,138.7948852010409
157.40309623436247,162.54001939576958
68.0948047515389,164.82049862098137
185.6756386841714,55.87512970047561
122.41553994947351,183.69764377823347
119.80811029698835,26.126536279653468
4.638539551161847,121.67966541695125
136.92953038112634,161.07755624540627
97.13586643834533,29.21007168337266
184.39992937145567,149.8831096993026
32.88617172508208,47.81642215266218
60.546261499918906,35.31127546476065
136.60824283995373,180.22524196034328
24.067158972256976,64.62171388347329
95.31004565983882,179.08241608963033
169.06120403666324,55.172799519333516
38.716269409072225,49.15788819990714
13.713116579952334,60.293674404759415
33.290028841517284,125.58110202841803
51.08687602382065,14.695698418065572
127.81983801375445,33.18340788044571
49.15432069088092,175.88516501656014
91.00228248863283,9.756407079425976
193.37415365551502,64.79619414379079
121.03517720417986,12.262750918796694
23.096216061454868,138.58571476298914
171.075198128648,154.9680363078399
25.081091869661453,149.7969151119023
33.817614519547526,52.993972979662
49.758436447966226,26.336460359709957
103.18952502633746,183.40417632990153
158.9260454869554,180.37847200447536
42.838826913365025,159.7386019831777
12.282118988279379,82.76500178579398
104.81765776572031,176.06359439049567
68.07480224694093,17.93160213167988
140.413402003677,16.971954880301652
100.0,100.0
