83.1215071731699,36.409796334616765
107.51268768927405,77.26601370843127
41.284568074934946,107.23875676803425
133.88417573153177,75.95992946683782
112.31448343938393,147.02231488465503
139.08212665225682,115.15024645841187
45.34527793811669,95.73437720172002
65.64609426517801,61.45579735144149
141.81877062417348,135.7647188834508
128.81879464496225,137.09419898099574
37.133982340212924,84.98673343933672
110.96081352199599,65.76603049439889
137.1301689447782,157.78560678551932
149.69554602434854,50.57306438621152
69.18092499373174,152.44093789100336
75.05250432828785,135.16638955487434
138.55005265779218,141.98992136907563
91.49772748135601,65.74523607654719
79.37324913521981,142.46163913162283
147.7595960956086,94.61099844391501
43.714136601790734,112.4688097646387
40.44465246286724,105.06394979241006
117.1959977049897,96.37550053352257
58.33490160199582,119.80767180861132
142.14709914669626,65.94191664945347
118.61097827969826,116.36367619511685
139.15416651359737,76.30842403659113
40.82240973458564,81.63094029365567
117.52306290906549,147.49109644445755
100.87169884479088,130.53697158202482
163.52004063609132,85.04376479295341
46.431858385171985,111.65369671103011
89.67326483379927,150.88584881232143
140.58376207171816,72.22928270219593
118.16831372240281,68.10603333491842
163.92332528724333,84.91227185488196
157.77194317210814,120.8034761440788
48.97574306070898,74.2639251936495
153.7614544267716,113.46259391704888
70.64543075272272,137.47325699592668
86.85171914269318,48.05194787000045
83.67278338255022,80.90478615823665
101.55413372485643,138.32268535128603
156.4115405424322,64.93318924308997
133.82979773121474,77.29986320320405
149.99616827558268,130.57291062695265
148.79197565459992,116.54339571956271
122.36014843476275,125.64786555769962
141.99632399832745,78.79272702241182
160.15573216802258,81.41987449341266
72.04607166370465,125.95435763409084
132.21553275233305,152.36588661390599
91.4229197162538,78.04602515756302
118.9768908310826,145.30007531851126
135.26436705501038,50.20642615127029
169.50338969988815,104.65776080419049
52.06323280675092,135.9246012196451
118.33781109185995,82.96285430999617
167.9894982913808,117.1875797146666
135.16545861624897,43.18625090391701
98.96251259004545,70.70559940135865
94.85357073319925,47.84035376238123
114.18037752878418,150.96699429096896
100.55754944981676,97.09686137981257
31.221729452189038,92.0624874146609
70.75505160906815,37.53841434121454
87.18558323682811,117.63449285016027
42.066102823677355,77.1332297807881
50.79730822374695,100.71889164298973
82.13108441612749,157.12950116661474
98.3106805466971,118.77688974901845
67.56925961592262,128.1833221136552
74.70144335321245,125.80889150747139
47.133179337643874,116.48871881396093
49.690330024586295,71.80221274939417
126.25076472571696,69.28201971419483
112.04019588181859,48.690928196508864
75.33081183435215,124.53994816128358
115.72612924137991,72.30954230970347
120.99789111061314,119.95905891144811
124.93750593618336,103.0506440538167
87.53945601606156,168.31392010896423
145.11863019052558,80.78544372806631
151.6458156187834,144.84435641715285
41.52820679537837,66.14694910690486
109.22988798271058,75.26678269129594
79.05755719215458,105.77708236132489
39.518499385317284,95.72677687990713
142.8491258072215,103.62877152692924
155.1379935932117,93.62310991467544
107.89142506677081,38.76295577644855
143.34570605833014,62.29963869921868
87.57361533703913,106.04991257403695
56.86645636598102,108.0150280830022
58.534941177750824,124.1155319682935
60.285753173084245,78.92556859834438
104.71549348183768,96.68751666967268
30.29139073408762,97.40640967978553
147.77922978226312,79.18152493303813
56.6486423212579,125.28317224648771
116.53339320581185,75.21035678632984
52.16615981053305,135.77185397608787
103.3496839380083,125.63869573532278
123.89936295508839,128.2790104323665
144.06287507810788,125.80464101116084
112.26150637158827,166.19427739412163
106.3351678326249,119.55687018905637
156.00094090337575,106.01983429139447
126.95679457035843,77.7854518758691
111.19036209179225,109.37452724305754
104.18588393851927,47.12681537315571
156.49502999782425,136.2042543994072
76.16883396034027,145.82222195012628
124.94906520057182,139.17878565429785
85.09109517466233,146.53581790184177
67.055698037911,44.53519072488235
77.99003967479553,113.22996228689122
52.806535247752336,117.11731309357549
146.51104558594753,95.85703125908663
113.80765714800913,103.36475935942224
148.16035718491347,100.66904038549256
163.55889786884302,120.68287702018598
150.013072652587,146.57142047156756
98.19649550087067,65.7948125633088
118.39354940147943,41.495771288630515
107.14860875203786,154.07583590655076
46.110951688983334,93.61647014236274
55.15346747512508,75.43215844096731
144.2147765528342,149.22902177031807
83.07813655760474,99.8253864335058
77.65721465321127,138.6278918360503
88.93666708962411,110.95619062148663
145.90436499393022,112.67796189224859
158.09095148811798,105.11804769535895
112.59454468337849,146.45818817993847
95.7751908382491,45.92980466215235
115.71042113772964,134.16866222017725
39.57267844653338,63.724812110582675
112.0444642511649,147.64645192175905
128.69220517402434,59.8876670761741
118.49786389374076,71.73686132826084
78.53832059250966,106.75687145178058
130.63120611841364,112.91841712330684
68.48356444607037,71.59260177992404
157.22234330297894,112.29141418966879
81.31689280969854,32.469690563735924
81.28596331590501,67.92962452449065
84.9112317697362,78.03718203992204
78.72504656113244,55.90913383759801
110.63894288379157,60.35005441140628
44.170538186456994,101.38360425637916
84.81590515962031,127.56786637473225
105.2915495464949,150.692736136364
97.24709578503597,80.24510676338458
169.56504733776785,96.54483558155856
100.25937732833611,85.18486423128968
152.80190111055728,84.40937512813494
68.01034593506314,101.3445261019384
143.98237887371718,54.76201240856717
96.95231627175774,93.61058882795173
108.59027354756161,111.8040510646304
63.70819957930001,60.40924242369516
51.14704185579188,56.74442553186698
110.56375177377195,92.28533888302171
60.205452655713245,73.10006509566098
32.18442486377058,106.81554659286812
90.02026587714506,107.62979688425018
60.13636015225043,96.88656350955402
144.6395635704874,55.97180305794336
92.19479915181242,166.0151553250498
56.59566701170009,94.23078849651465
123.83982420916672,106.18538440051128
61.46660805595825,134.31383759881183
154.4385432560255,84.3496439641788
97.22689087202738,156.05560131585398
95.09310495004306,150.47775362128718
99.50155623056953,98.1716457021313
162.37511388572227,87.2200709069463
62.973354193974565,69.00560596083506
136.6877576762375,97.42582939042512
99.97039277612913,118.65648071767487
106.05719101406127,163.96393724520954
70.09848213791882,114.04156880803104
127.86023087974958,95.13360296474718
64.71376332430252,108.6156183489037
118.71263763305137,122.81977743269582
116.0949375149691,32.79320813708759
76.83894000557036,74.15134161336108
104.61944605049165,116.27938978554417
97.98604920185976,61.23672208511481
48.84549523832398,95.94561765081737
113.62745404301056,39.73165719060474
48.560433100195155,98.77118629624728
99.88553158867069,128.46966474520983
66.02447648267749,56.82175198685886
141.18019928958373,130.97321172194802
61.31254676044811,55.94121574628985
64.38243169172075,41.49353355908707
142.01931631446158,146.58982244130559
39.53840374245266,85.54069760095537
27.059491686914285,124.36308882500585
144.9550536947624,188.2672885411714
152.4510803880755,164.24171987277325
34.704108660695574,42.65062603026082
54.75353517366661,164.85050004137292
164.86672337083533,161.3416716725276
6.217914203363817,106.01534476641383
27.273972924974,31.408686518774644
167.03878894790665,46.90880379640377
141.5514882245215,173.03051367950545
35.124748225207234,32.44255219863437
157.72247201765785,152.0054997705103
118.84272584214635,19.469397902621367
39.47787751579621,30.592138430226413
5.243931888488662,111.20934006550804
125.09294871245689,171.4847056540806
171.38635114429655,64.36491317478776
21.937264432924252,121.24342999942175
150.02887451347473,28.158425098658046
131.13839910510953,183.69115622423672
4.914189900807697,92.00734974078716
65.79923946613589,179.51255722453828
151.31813662706918,175.45537260416606
74.51718633795991,193.29022668181216
26.790269536313094,144.2651657228166
91.8329891429448,2.2834113076670715
178.14278081314,159.9610690365284
88.1088784411013,29.736756871519
101.47590779776404,2.1627643515886863
90.63522702717768,183.17880428301217
66.88223367732043,12.466668826814708
106.6609923736196,180.04911839218838
183.359714420463,60.80301971384614
157.32057791772414,174.42789309203434
32.910487114969136,60.17327789961981
163.57250620907027,28.925603041905322
35.696358929904946,47.828539117208436
20.75115427508063,40.25947194027255
159.2605783977279,51.25707651616138
47.53834120801945,152.85262050557748
28.821475209851187,40.9832922430841
8.738847791608384,121.72067159971662
49.2163860114774,48.973523951837116
114.20344747801543,17.295358170418563
173.1243424896492,109.72707461525586
71.28189281107404,17.655511389985513
166.9482662396119,27.43439577372595
152.86522422476887,173.76917094040493
68.22574437264979,191.7329745667019
38.86943790154638,42.290229708269365
182.42033552159802,153.67415786923013
166.66894239733884,57.447050728651774
70.05266388125318,14.510199507545885
33.54105373761173,141.1700337643589
22.98572523427542,142.71106088775466
4.634936172417881,119.64941566155225
12.881549003429793,125.37589465486423
91.14068128178361,179.3046387013708
141.45279188606239,159.69875397076024
175.5676306856825,129.7047994977131
91.26906886248554,194.92541149483702
36.234628490714194,48.91730480152792
183.04053432704956,55.38142856466719
168.959504774047,125.1552847966942
154.9145591430239,17.000482964204423
111.40284153886049,178.7887712609791
191.9971590298917,120.11227171856001
113.02722993076692,9.181066251435222
104.86144058833827,28.340668173509975
185.2995429417683,120.61045494039729
126.71460448688876,33.02216390804473
181.49340424529635,130.62425140564392
19.998349660686877,65.9441529771815
6.661740098090663,113.15361323546438
155.4287613211658,155.4217250528451
171.55670219055742,89.03967821553461
111.59683413839126,193.194997820413
16.4208594404222,137.54481384431847
193.4557897232292,129.4726302455716
46.443305532420354,147.2668627210295
46.04925536583164,172.28536997018878
51.13688791599969,179.51884587933208
125.720020415145,26.901742848856003
154.8832991401263,22.883070381019888
13.948586159790244,128.87499795520264
100.33807805068334,179.8471061157281
182.4747224249432,107.4869841136111
96.30804846642084,174.38296368230496
25.06127228826889,75.97026999457177
41.276820672419426,19.151840739488545
42.907974547676744,154.92969603169053
94.73485475301094,186.1650983890809
7.835853759802025,132.68766738685872
52.773432343284156,160.57860928665997
29.966499653005464,57.217843933334265
167.08292203071522,69.39597618014986
114.61245577736598,17.10777795160736
34.18916262753593,50.65807847374308
126.41211738653891,14.371734711492913
114.48148070787501,14.44928951697304
52.94801733783312,165.0350648146957
28.756382604306154,150.75537245897772
79.20893106509091,167.87003645918156
148.8012978231778,180.0384238153816
48.243730820622766,20.326792377920256
28.173856383768857,56.52404053070481
64.43649953096542,162.1762079106111
8.680874861393395,67.29138633508718
81.02168331201025,20.36323786481036
173.28314942623226,161.25879928351722
138.98982908552858,28.46580242603334
162.66713165951523,161.1550903229427
180.38522362163337,80.7063070132838
29.286207283365286,61.33108554406359
101.96149113466129,22.803826947910654
176.86719060552204,85.28958149317964
162.5823853073598,31.90390059331505
191.3349678840591,138.07418921785327
55.021630649196915,11.871918728514718
7.7002806845739125,137.1950588649129
172.2134619530313,119.83866791817496
159.961363637496,172.36466210039472
23.984049051573344,47.85590984152708
113.43313909487014,19.49278377331982
46.92948592164221,26.249154011110498
21.638918492414106,129.78797071662007
31.070100009360637,172.1449318625165
106.5901537214295,198.9142419206838
25.884027565621604,131.1028586059126
116.57542495410998,186.45142442039452
126.52986379063364,176.88643144877983
10.48768874079884,138.72048893513355
96.67923892476327,18.55872390818425
162.6163702574557,175.890308250717
79.92808241750946,17.31270754176013
144.61766176004892,172.97600073525032
158.12611757274655,41.278471361827144
188.60682096138854,121.61406174234988
187.7420912229977,104.0218695261775
196.92430056223574,107.87540278264771
189.06602504353987,144.96837335248557
55.46083893427147,26.429386063152617
118.90411480236975,194.532419995225
131.22707286568632,191.21910453903683
131.92739126785867,182.22794881073455
168.37070065660578,140.60135625237024
184.34245084846282,68.61349597667159
25.424720805024247,69.65824829866452
174.02089614301877,117.0129600934734
181.00864596396383,158.45239283729452
25.110721252323344,115.98312012130032
82.17909360381603,178.4488987290674
130.40806905360185,188.2531171129736
4.9699894614072315,124.03905312838089
15.938656836124077,56.813244595808854
188.73397527097876,135.39548069105513
169.9344600182111,67.47656018207024
36.18574321882746,28.942094701475508
7.898602903158136,118.10500976029057
109.47305690938201,7.37338807142629
153.69270368512923,166.2094596672871
130.23919359839704,194.99433917287038
179.51200017585546,59.333259799771284
199.66540948736412,100.70543338839104
99.98309706322279,184.311530365269
145.94225483378068,15.976447433200725
161.2427405840276,38.890734702183536
78.69477608621071,2.323333487890622
9.629703479297191,96.89249019309672
80.08831314666385,184.92668153826685
142.72061777133533,41.55099867974516
44.91476038773556,48.15302035767552
164.37172468995414,174.4500704507896
27.210279635319502,142.38871576101383
38.10754359803759,152.74568145217563
111.02039977612692,27.36034875793689
82.8903664734788,169.85559473587944
176.93806490583762,38.09146248696358
119.49594065164324,27.14562127398359
21.943365079203225,49.06526054892715
148.21345861380559,37.87193756687706
11.401604209518501,130.2568196887214
46.02544196127341,28.126488201461864
70.7521379188678,171.90227200547855
186.66664029893133,95.83945751133602
157.5608882002841,19.221192088017315
60.48694003006043,170.41293321354752
12.711752178559887,110.85913408429289
47.341049896363515,32.91462191200394
73.4514760591874,13.114596829480508
16.007100229732394,123.67162346851977
50.03476007375451,161.11258869760343
11.880782194705075,127.90910822627308
24.892087983179856,105.17668375582782
63.894391746863974,165.51362966945288
116.75306283089397,177.8380178620917
155.27996111356867,150.07269165544855
113.12246124952625,28.754802070085805
14.521698104822356,56.33965046705573
186.25023547206666,76.83664524662048
50.0,50.0
50.0,150.0
150.0,150.0
150.0,50.0
