86.72481080641386,140.58074554526215
76.00730469366594,83.44573976310383
107.13563876337275,89.53417479705254
31.062711991679738,110.55568693359723
44.809088023715546,121.80433651180145
74.57757604109023,85.09398860860249
149.86708202775978,77.92093716171209
100.08345937561154,60.53137838138773
133.62440803052235,69.15377159766555
91.52051731694779,104.62908310183523
35.58582650756548,117.89506537416308
146.61338075312383,124.14793636526026
41.429127788832055,79.75992721942727
100.68680161944523,90.70231788034924
106.02822341070821,139.97929424457632
86.33007661536591,78.77186204294726
54.42406372796738,140.35706035953345
49.087168776494416,101.90523378552496
114.44086696759885,151.96013385541343
155.55853602676473,109.5145704053324
100.25654375672053,67.72458279872502
132.01798871172903,100.33620269229624
75.33442598892175,148.214368875516
167.86876103684756,81.6318429542906
142.8648709575573,118.74451473730603
130.44395016664757,158.50402706671295
93.08977373354095,70.0162992499932
73.97904049679332,110.95254400901248
90.48325823068795,58.4238136884045
131.44511596602405,133.7414497379842
55.31150783110559,59.574317378659124
78.77713556716304,76.46176117419283
116.34523665194345,126.65067984313556
96.23901414989867,162.52017743423653
102.90532644152646,134.31308871664618
68.07197357930335,150.84263584631918
73.6060815646902,161.43409419073254
133.0158999659363,40.32556572935606
42.83399754217277,70.17175545059848
41.15075041911851,130.27599729563002
139.7541707968865,76.2668531054225
56.245014197274386,72.44062393665448
68.74195128180428,93.16131635311883
158.0118867006567,136.82264525595224
140.01784635191146,87.97073483571441
60.79548173345523,87.44743033027514
143.81473302832956,128.73267525453446
76.20499299338425,35.49053363396042
68.19432291492897,139.17574693835562
95.0926166128861,32.06170521006586
124.43117016815563,67.5616903898164
85.25656662634513,157.58350055140485
69.1854654523513,53.32716499268151
98.482245545897,100.58014166716826
90.76104040326518,33.203355107016264
110.83474655657686,52.20703329685874
93.25882844368685,54.81787381773415
45.29631118933197,84.39022482093361
86.22393978347888,150.22543686011
113.64722941848349,103.848050466917
137.35890810791554,156.07473431808452
64.42363206632382,57.70586015340464
167.94837946562936,91.89834795168184
160.7044706573933,113.86017478572705
133.8661161811267,112.18948836888704
135.30727848139412,132.04837910035073
156.59670978518398,136.14065655586978
92.64679632259825,65.59725682801785
95.7184182785177,151.01841376866614
111.99915834101819,140.23153388688175
36.167357680905646,106.1614604042898
42.27178346431442,72.19925538407502
39.64706900114496,97.8765215028532
85.89008745425434,168.71101891606875
68.88514522597518,87.14383638182213
101.90404773428963,92.05886456364574
151.5155392165983,109.10066480745849
125.88320004142443,162.56782385960474
81.73962124987209,135.29557589152887
166.11374330688017,78.50310793375439
143.15739247712148,143.84681684294938
112.33382345852907,108.94982842245211
109.81533640832887,124.25135827350577
91.40715244258789,61.31407341876789
113.41013633397424,104.62432550009531
107.19024947314946,145.322076569204
87.16073680014998,81.16273660466653
78.77821611506164,36.0929827010519
80.75524072655288,65.71124401838182
153.63702261495803,118.40897092328564
42.757476317952836,74.76137232646406
156.33034781033044,60.90687792958298
78.20117059002062,134.104581474859
80.48761568527503,118.13318764518061
97.25440540653373,46.07167501302036
154.52617041319428,101.64365597730367
74.2118652460874,71.65118862688426
148.133982537353,78.23749639704245
107.42208178372552,115.64910961989143
54.0103577512159,127.13035166683788
84.44498732370906,37.33737921023752
113.7062933108404,145.04241572700965
58.50186498299019,44.14854754703037
44.918362226397804,127.74924677442014
101.67175937758958,99.18175946955417
105.39973119917178,132.02579563799318
120.2426835742377,52.46955839833978
30.60329873390135,101.52948935017166
132.8433571788979,42.64431557496222
98.35843496848233,43.49182951732278
130.32442028358832,136.6007206379794
59.08336963489509,104.06929416430035
93.35715137835092,54.072706315675575
155.6734434695471,119.12909903245053
108.84475979616204,35.74163313008862
132.84219924893029,121.95352614379892
71.93006723790958,149.42658039422997
148.83015413505564,50.89750163495612
69.30552394071734,115.24146305384673
102.39084493914189,72.88698647648853
84.91106752152062,102.74213025764168
68.05441615599024,108.63991893855591
124.75326282319776,112.39458413491764
162.22453376166334,71.9795884563323
80.69808567951276,59.62330858040321
71.6315461878303,118.7540495925341
82.74821598282468,59.142085999338235
76.09461518233131,54.99976495979859
148.8469940596286,121.14747686293681
101.56082979752267,79.92817143227064
89.10672451373405,118.38048158308663
38.318640883882104,104.33838093860817
122.57200099632229,69.34566813816183
168.03942047808172,99.72966373680599
118.51537022153803,111.31425042180393
72.36003870659617,142.03844704449858
90.3962365510951,68.47590531737436
101.77877270792723,150.87484210751836
138.42054215076982,150.42825263614938
80.3203357680843,145.70135580476713
79.63181943431843,113.80638765329212
140.63564310193752,78.17346729899572
62.745416595241736,145.80644066098276
39.24219770455557,79.79079683370361
110.9552897229936,64.13505781092263
122.99145635246929,103.87643842461816
132.95630422831033,111.90067145394325
69.51793351978314,93.72971772853684
40.610670664394874,100.4838508273356
150.48902149850764,112.25054342926315
56.840050277558895,78.91911867295644
133.14156525947794,73.98463844617564
122.49669087040462,70.42706343435323
60.24896841944722,59.579869535729536
154.9156824612024,58.17476273665845
137.52651286271862,51.16612038212902
141.2285578887768,80.43569808250007
70.13775302683057,159.18679732110158
47.54162882556172,121.6122324541155
97.23428552987632,88.09620812276245
89.86510863272143,87.3286504916522
116.60972444282456,76.89036581412077
41.90820392871386,93.10175446510766
49.68771213290304,120.86574298959147
90.72967136664391,80.90243015794734
134.7050593041139,92.79615099525039
85.00126364113612,93.56052904519242
106.98273884239077,87.46427182004312
58.96495965966515,121.51249704603677
76.9704518405786,139.0063063635485
123.86979425508751,151.80457620690305
58.209866212178255,123.09031024558973
37.924892803059265,88.73651333203749
56.44998978600408,113.70555874404104
110.25219348201492,68.54870931872073
112.33836399569455,47.91915972350993
134.83986460177675,64.8957043077544
71.43583021424556,38.339428845239176
108.51402871828012,75.19727252889663
93.16100582880236,43.30475708265516
94.82919099438367,108.14531729820283
132.28003386731,62.65474605188488
95.57853331044619,143.99349466269993
73.2512533174831,60.26608820173751
133.73806120996105,149.7226838317485
106.40183528333458,111.2917805410077
128.0634425363293,90.73099433947188
60.53103105904179,156.69778296910843
109.75731362499977,107.34062444214732
119.7067812069045,46.77254412869307
143.8210155717046,48.328463618421736
92.49773659402672,155.90937127414844
126.15435670832716,52.63455164439457
64.515680816912,82.80911644000622
70.60115990722345,127.56891098908719
79.15311080391147,131.20500006682866
50.34510153407752,121.74397098285657
53.13283406592688,104.16092723721013
142.6804033404029,47.2278188894329
111.97472028752993,99.69733636326407
54.056115508354296,172.78039346133664
76.83274061368697,184.59535474568975
138.38242926986203,7.846013076340275
154.67307407032757,42.54361984088008
26.6154134049696,164.76884722066512
171.95330819171565,106.92345242782156
188.1077083171604,55.57701364986891
136.67399449929616,27.18469085032078
151.48354847700307,24.09015983071683
124.98838992794907,166.43471526890855
55.85769136761933,166.37418868485517
168.59260969329796,163.4822221788821
151.8893098610141,47.02093109862739
135.1607074364456,23.58013153057359
174.31713995250612,42.3926039227367
158.97654901732673,180.3852874424912
32.33639222039495,68.53462906064975
185.20394584327684,127.75119246078359
132.5508913822182,28.655413199494006
188.57832855778472,101.20319141390407
9.47469742039937,96.72025630058589
98.42302162731013,27.762455280055633
55.55972458103866,179.73048280063426
37.583644771493674,144.56127623018796
56.3170852948057,43.91886591684382
109.16685230842369,198.54214208492021
155.04807161812843,38.19724368846333
137.31297528184643,39.53575398735411
25.28714830983565,122.23385091866936
48.05032921169558,16.78402475499641
140.92305422180422,25.437501774754388
10.374491287776276,60.00867230019891
177.05125096679964,107.58148552010766
162.0247509270889,55.661057672918005
57.46136292320691,179.01631533543366
174.9280339705906,76.88522977622031
176.3499217505489,52.023822164672765
183.80237765080943,54.840189372363234
170.25076633634995,82.6568528876372
82.44161599744658,17.36233477204232
59.166477057945485,169.24141242063388
172.15630067693183,58.74009364575754
178.44083181443472,142.34102413147065
95.58804923610866,19.727242337303828
49.59912842340706,159.52470955070515
77.98539375041604,173.22699768896732
130.07141050580714,20.041124206053794
171.7512722345283,32.036392450193404
15.549448021331802,150.3850544825864
170.8987956744978,109.86858587446535
137.46213899784414,15.650312246755082
108.93530918549308,27.956080842207463
19.293783963599065,121.13601914691323
175.65184407727065,77.49648467745254
111.22094832677409,10.533984941298492
167.5535992491256,131.7979521035311
9.092718618906371,92.31927719622826
43.12767987608703,157.63840622573093
27.297564304334365,147.29288059268032
44.20809160287356,158.31047844331414
10.278434579270556,121.27820900346866
61.89810444070369,172.74782065507307
182.35564233780917,149.07100888176598
92.72095518520358,18.389771608009987
102.84103407231248,173.8204387552845
186.42528354666945,61.993738497731286
84.01435379025175,10.134808761162773
32.24420023566938,142.77437735439517
181.5997671307115,80.73340635638806
96.1197513714738,3.414176233121169
136.5346354032054,186.33278535787974
117.68772639428468,182.0427201532393
13.884214152132767,84.07289621688925
14.14366348904239,102.12981096684545
67.89604638202051,175.29948133479272
175.2918483763343,109.58803980723921
21.14888066330478,60.019370377745275
59.22663361961058,33.63895576693787
90.0872947468871,8.078273183853678
20.161770393187894,100.27645943931212
148.61034445883348,180.94377527933386
28.927458808194295,136.3342142525421
142.71795671960194,168.61080558365452
183.6071241601609,56.95476964493133
116.25428585327894,190.41272091067572
103.9880808756285,172.78819010398217
186.0139827165109,121.39172163870553
186.08706031723185,57.51898877316102
176.1626910828798,98.91907169622247
23.797192033552726,104.23109199456285
61.30760398385171,28.966344444505367
113.36832765273164,14.044769661894874
184.87223149479078,70.06471309303197
153.02386497914037,43.961157214557225
149.08827969170179,160.78020638266824
179.1923478269969,44.51905813115828
172.96247236209163,72.92400130870347
113.545233317779,177.05055759838237
99.99615338672179,186.63239136712576
43.435909860393096,37.50292331944236
28.67736487747039,101.8462786811328
146.9702580737624,169.00221997882403
185.20258840671482,113.56529744932557
178.37017919390385,135.67496881347236
180.77542289193016,52.05480337018506
166.41701770039964,124.96566678900085
138.90278591089532,30.942889693750033
55.35892543228018,167.68260242968634
61.705499013185914,35.797360008189514
20.170664622220656,153.15504014676316
175.48145050068754,154.79475795386776
162.52208329192476,55.26960117490416
124.87185887027607,12.204139757667498
144.72017773962747,176.95736086963214
40.773686927660144,46.969481793691294
23.096655325185832,162.6813110190617
1.4771889056718779,105.72833065780199
175.7353297678145,54.24154631356062
81.67683866940774,9.03943050807099
28.10365000869708,62.77812251398043
159.02542426158982,26.81207302226789
38.637931522746236,22.077176800522167
93.40445826244297,171.39368735183604
24.40695514736635,125.30395117756427
198.07933519121798,99.99067905656189
26.235706948058723,112.539707001291
96.54152226804081,193.9189398178251
147.62957224343808,19.24439513465883
27.22003294549522,153.4172065002667
178.76551376981416,159.64401739881728
110.56727059304379,190.73773824951456
65.43852967666956,15.823729148647958
32.32462876392867,54.647612251251275
32.87363574655737,138.3210372226638
171.18684719104223,55.699571460704746
33.4587616818891,171.70534024973387
112.11828977423777,9.433540427183873
61.763213675210515,29.535355488649383
134.66305649670974,181.54350938969537
51.841919933365624,21.96605617167191
119.3543692321724,4.635498928185711
193.47050262809697,117.09763114803363
24.306925792164247,51.542713168408774
64.04393555770338,18.814485635281784
27.23773895691137,56.278372687715695
49.35529345945484,174.2125776605612
52.757452821482296,171.7556536790231
113.21835799426619,18.14655515257728
162.72497853939188,42.79232761633993
45.140273531094024,27.187241063604397
122.30866891482992,189.14126968168023
20.00679386002129,137.1488409218581
87.30803410818693,184.961778277004
186.34567080558273,60.1420047523876
185.79908438240545,109.640991358067
197.21728901770948,112.97958603482337
194.91151263112087,114.51360422667204
26.07297364888206,32.698811160350026
113.88614953167658,12.70159187033093
60.381780366835414,185.56311021252975
144.7325503592546,29.12188666648994
33.51536333824385,68.71552314193355
149.11305131267662,153.06064685091735
181.72334380320615,66.38775293224111
171.15847828113934,33.38977875241018
180.28767536896567,89.14869079113994
151.49432588687765,156.44632745963793
96.0943747909406,181.8018914280587
24.096723216079717,76.32993670290705
35.40046878284762,60.24523996931501
15.525335014541097,117.9137247322512
68.93484804526766,12.44424842237002
183.85806659217033,86.96821706316982
168.79762830513124,170.78531249643737
165.1475054212994,171.03834290704194
167.0436520258588,172.7849637611248
134.32128265868047,167.04448262252174
105.93806457646325,189.0954254943678
23.007446188520085,83.47718382233862
108.80172397520236,172.47907139958477
35.65750334052853,65.36819024514608
49.360710435701094,19.953347519157248
14.515568710780723,139.47527379853474
4.013353008420784,115.53204552760774
15.232147195229961,71.14149437940631
22.642049025643153,72.59129856327206
35.86120944398709,61.28126884869207
155.36881197330896,47.1906564561227
7.697031729884718,95.44583436468292
155.67238293044542,144.04010514734992
161.5883122928736,43.63700679821913
74.38445737434458,27.914915003821438
183.11383564189197,45.515822250348094
36.093790529818826,43.40789672537231
144.7216452267919,29.546023040660607
66.30795846829112,36.84479077281133
125.46519004305496,9.626875713328298
66.23680384747522,10.28734689028794
195.47155950769937,101.84294952959128
55.66703965804214,182.9116146262329
50.0,50.0
50.0,150.0
150.0,150.0
150.0,50.0
