106.17511289689321,55.009742640981955
52.464896226563695,75.87045532069843
151.17687537851526,139.33830106606607
149.44002252404076,115.31239149576
79.5053236616033,154.81688460668107
53.54074510209033,114.06550106868995
69.84923126273223,145.46009661305104
117.22227811136318,38.98615864009971
63.32930388764881,137.16432839560235
118.90067806467496,122.64210057184368
120.67586844949632,99.86699392657805
128.50561863343947,154.16248210584448
104.06999897607041,34.82445650538748
145.22291253772408,110.47125717010961
58.0254796165951,94.83543659065685
131.49576222908425,131.16591753446366
123.15706124029472,131.67509026426615
80.35589373887252,100.05837342509105
91.67431951174831,166.67315473610782
100.66364229349527,84.21972448583345
117.5278905081182,150.1070391747535
95.38792035711829,127.81708977917401
98.43953202203208,54.5168844216239
159.65190440100895,134.58812093758837
89.74905339432357,35.14511118842305
90.87608322120164,33.94567786266593
57.51319819949814,107.91074859350746
34.87057349401568,77.07517028825181
67.753343104422,127.81573540258535
72.9175516337284,160.33167700529182
133.45677331616153,48.96313103791752
90.33726714975924,162.2180117356366
74.23619741985385,42.56797185608319
42.701226650717295,114.17076844899943
107.837923391439,124.32383555260583
152.6666955093312,89.63096997821289
152.6568215018539,106.69306424582797
68.12482914311768,53.94773413478406
53.398137222156095,100.77775736912969
105.62870649488903,128.27475706964466
61.915306356923594,146.98314369061666
56.97266337406275,135.169859520967
162.92059730400072,102.54458638426922
83.9800027447699,147.4110817417864
90.12657314841925,102.62555997177158
151.98502221297554,132.70989824665196
101.87005485478605,149.80434044252684
74.019496069083,64.96152988995443
60.7656818900909,124.64299962197936
68.8955792258158,93.51053343853202
89.61922084746416,105.836866269859
89.86495490352569,91.10509425520759
147.20624183490938,127.18409746526493
166.97333706441734,119.82898718150487
90.2361186287337,116.77381121225967
97.81993657196048,128.44271258978162
35.41269155571387,128.05716487358174
127.30186375414733,155.6305482672596
48.64040929673108,107.9729368232916
121.72801980458883,58.4925878549946
147.71073006108895,140.07491054536567
128.4442382862418,155.22216888276103
45.92391906961113,78.49825953458938
100.10640445370524,145.91099437523957
100.52508028277296,142.4513852433157
129.07309678693088,161.2575090969814
164.22689992421476,84.28672339865369
36.44587965667674,76.19129407369292
110.31736882696264,130.56860292343836
65.50373939901118,141.03098791456307
105.89358144365966,31.891330460445566
91.09613521194126,53.03193382191358
46.77329800032852,106.1828739824147
73.1536328511034,152.717251299398
64.96539741304832,151.6251118053678
33.990526274402086,115.21071455576879
45.10180546546674,96.56525249557629
95.94972403682853,53.52911718445019
152.96056290476972,124.6219959984192
161.65259800411363,105.83747521440414
123.19089071481237,123.01535739937756
98.61693458649741,59.700117899812064
67.1408427484501,123.74494218756307
40.094602669498826,122.0164066877506
119.5624016481832,143.4375037529909
126.48615291460868,143.5635800925467
78.99440332358705,62.77773236209108
46.387125666513484,142.04083046110017
115.1785029421276,145.16731967677472
102.41610570066813,143.35560546816637
107.87634897753955,59.49315098342076
99.9255792773271,82.41727070151876
113.49851279991401,102.82032932527805
85.26582535784613,82.01156384309039
136.12344522425573,51.15772460442813
83.65762842198467,139.5851507041099
81.91399741275647,163.60408199357042
133.636410306545,119.11300445609876
71.1383913054068,154.67143091007588
46.551481962129614,130.62383688737728
103.27553090615457,74.05660112160295
122.834520765483,117.74696545529497
100.5109556252868,99.74791069181839
62.112130164764864,126.58006809291393
107.68466312571331,166.70317228266242
109.23390444315024,164.08968194823314
97.82608362540198,50.39753353152512
117.8734850587575,101.35350684351086
128.26342336939356,161.4589940614691
63.09987165081588,104.2533135624414
84.12823776353326,166.8120808792834
70.28562835114978,133.34161107609717
48.938822002914286,109.00479777106172
94.13921844782958,142.22790766666856
84.45333223446457,168.4663958709685
71.65094716814036,130.97559270363803
59.15162500263573,58.52223510566192
81.75507280984311,136.3772326183971
50.02275401361107,134.5796905208493
164.6048128165933,74.45981789093992
103.38884361486538,134.44198401165104
102.879837213439,86.8179355988494
62.38517235960741,122.59028561163818
142.93849782200218,57.650300466033634
47.56655389107167,80.8990047562597
39.7193651492439,100.25370854147488
68.98009461304608,78.37394093572347
38.269253931118485,87.40777426743892
141.90762065179666,85.59058714535229
109.09646237126522,46.52348344227881
107.50855636039556,163.89936278357828
58.56281151365464,108.25637598393156
31.771454055627647,117.73782255196119
66.28539203563753,116.54114117590433
101.29647443677308,168.1527609893493
127.45163461600148,123.5147892823017
43.75550002234034,100.25624500508856
124.47098016102703,81.24380450178722
130.45054045402873,144.24168531702372
116.87991200935409,50.17298440312794
127.47373466865317,51.628867872401685
76.9560324488653,146.6796747277373
85.82974933264154,153.18953270647393
100.27020152537634,68.94848682226436
103.93987500952733,163.07502639769805
112.24453082385378,132.3314370068728
74.12928889047083,106.5086863808732
114.92952986030164,128.0127581729053
112.11139425129706,130.6619560904991
104.9006055553172,31.83278214061811
68.45157141729395,77.93479227439025
150.75239345286406,138.2071584365531
164.50465619272515,113.19926266621717
68.01122645228948,61.17119362636505
75.43738599358636,63.213426623448
145.9132510817434,49.80119985389986
91.08956198984934,83.5497060512816
60.38566483094381,125.64680144098037
114.93307308461327,167.61579003714436
121.43910255222991,96.82366007808179
153.90004629166134,106.44007169719258
106.15068840712138,158.6372480409899
110.59608936285694,93.4446004342377
33.77900307611404,105.33186790023117
146.2680513077985,69.09025424426818
105.9689555222451,118.95837522315654
143.06197160104097,98.2587000517189
80.638420075488,79.58711922875992
156.8849631823851,128.28475914006665
120.01404672876536,160.93233446014952
165.66448844302397,83.88736986749254
51.079803696651574,89.00671715287754
94.03839983882195,49.19089417367468
91.22953529574669,167.75697712161426
61.42490056662309,112.91822447289593
128.0062949225429,112.28563025655521
164.42506376280772,118.54973119915364
142.59142114454738,137.25449142157805
63.74596215412176,59.877535542315094
40.85045426368703,63.552046478149336
88.39388711380971,70.26806571346309
147.9121547857106,58.46793658215348
103.46190548673671,138.77468605724718
44.21380927849088,65.970723715056
138.2015817309906,144.56680733170933
68.2075460930811,97.23459768774435
60.83811497270424,72.87805993334078
86.31460774828001,142.94338452812528
146.23887944147052,122.85829891979547
101.1526775235408,156.00058191097887
36.334971434041364,71.03062525100101
124.19661169498262,74.58281930821444
66.32985080371921,84.29628318789267
156.47230017063012,67.28097337640028
125.15275699169266,39.92649273054509
90.66611847905335,139.45189588197337
75.04957545557933,53.83729562078019
141.558495530083,70.44033539967418
162.0379195913201,70.04942378928752
68.07391641855347,144.01049120667932
47.15429883091573,96.57891162210177
95.06230828986293,78.08833569628963
159.85697944207166,107.23992983924728
93.5995204265421,32.88717503800134
117.16124981914011,154.29216650014723
97.23494335517746,66.16581286859517
59.28109055619526,90.88187420582507
69.92970451653558,57.89092944493679
119.15569802831642,98.03742580721394
159.35062809714879,116.69783340092337
120.18345706814448,45.760676261466756
70.21882483899185,96.65199378841349
136.56749689320583,141.4986968560574
42.557104036065894,89.19033048914007
147.91860802200958,108.03041697817837
124.28146943163041,33.701368169490124
117.79908649553606,143.5824683762046
41.762183708693044,133.9412304580608
65.082273546576,71.18128696355804
140.77855566233174,137.67983869992315
144.2881785085134,151.6145373579335
78.04785256650591,39.77493182443854
123.6450727925972,166.02623313025973
129.0182503691106,134.6169740606569
110.83995442605385,147.55567399448245
80.11982878784349,53.67649178324485
158.62677402043263,123.35847078196733
137.40074114447026,70.00486697821744
86.08859997051887,96.4860325546287
79.31830011787736,166.37704682244404
37.426900420289314,127.92708608836479
122.93189601666374,100.22964652647882
74.02656948320387,92.76925974868658
146.39482125787447,80.71003011568574
44.77036724931283,90.59171343983832
40.02527554543263,129.0163028805255
159.89089898279192,105.8396572568185
120.92903099292718,85.32209472087055
77.1334952110039,157.66781699146804
79.40469658020662,92.93571683792732
56.66360614207593,99.92340265572157
86.51376135493862,49.084400864117825
55.68004442911651,141.63149691439756
145.90651638145653,87.93883067147954
77.07835680398117,157.5887076641564
100.63516026264452,103.33106992480361
60.36300598343072,123.56043405657925
159.51838067746218,64.44109537225486
63.172536514462465,61.715824468538315
146.50364416599297,71.14619680757448
156.115853073112,81.61115674364127
131.18874879692447,70.6093859647447
83.69215938110447,78.86954029983104
61.017092508122595,139.61112851493849
110.29004651665724,100.04270213678552
62.74517160450148,120.19739316047986
143.37548626172727,47.898360785152484
73.23950424378384,67.56091644951594
30.12103905194452,106.06162443551706
74.44562971436224,71.3907721257141
53.775786860990316,71.55635913468387
102.67965643792591,55.0400193667439
105.18705176616542,144.11524649508704
60.77603751491789,61.935392497817546
164.3563823000302,76.40406937367541
93.18416061557858,55.7826433298295
141.63412895202669,101.9454074921886
109.57827218607463,165.50573625391937
114.79246458509638,34.00635129470755
112.7073821250423,129.0182557700688
125.75027725574861,123.10513261688465
79.01883566731871,109.551339047575
146.790140775129,77.98517113987664
152.75113195807296,115.73180347857459
96.0316033334992,76.64365531642518
59.94016428246476,99.87282274064593
53.63708648497292,118.48276494093375
46.50851442503019,121.77001809798267
118.03109541232648,100.16749812300698
125.199337353471,133.63047966055896
133.45675716311243,73.67386779032215
158.5002621093443,63.52060889681825
64.97806561983515,49.21799105680944
158.26891749434347,92.64479389204423
55.48098031660573,74.40648495610782
66.72246805263273,59.231956306722154
59.14041891228461,125.09124735739398
63.66615068303183,155.44644633865514
132.48807093622128,71.21561772746472
109.00217505320093,141.490461121168
122.25279789260004,36.70349373664512
72.99373288701163,89.85319472681701
113.46069083339052,61.61595610468711
112.62673399367256,133.89223734660172
142.1434246288347,49.08863926756328
135.37369969487526,48.8170512200871
136.08123038673813,148.96040308935795
110.54293267677689,54.059738749828945
69.79338715070453,74.21036236109988
99.32112268250279,96.28049088167128
66.0307422897031,80.28912582208265
52.633127359395516,94.8091735594031
43.80676673973303,131.52773087679452
46.06903664604536,122.06831740071142
144.32117939649424,70.91687620252858
89.999454450937,57.57179066170188
52.210521453304715,140.41560092980845
58.684673900987285,89.88200495770862
77.76850768505274,38.918459820221486
55.68478997522517,122.69065591998196
67.6694029863921,105.7753842229922
73.14942218182597,117.63837348932418
121.9702553669074,76.8143186878517
57.58155790717745,94.3332143901604
95.01746137567702,117.3494776675516
89.09444917546716,119.04890097474656
60.95171138239359,157.80472896152858
125.10078332727727,98.15204285972553
81.45632441282582,114.84563573858686
101.34803475696243,142.9083547140978
68.13009462303879,144.9442055236979
93.76513954056027,52.70832207259233
38.19127327784755,124.54144863352508
119.25026966774612,49.135320872075724
65.4553926359105,153.26097808757103
78.5297050221007,132.94308134140846
160.389802643763,87.95855715469571
134.69688833026888,76.85241825729439
60.84761602658646,92.55318953284186
154.67608834706203,141.47023148877298
116.05594965735555,44.39459983278227
113.28717391836224,147.32925365828245
79.97526239737094,56.70464654790188
133.4015281661469,71.21506153507156
85.46875531202176,149.89341311965612
119.24001942254401,79.16029095024439
75.2548673780171,148.2022208741084
69.86616896327445,132.15557021348155
63.25992209864752,112.57964105572825
129.289981596687,159.4948013251362
170.21701081684975,94.97231069971046
114.94231370279007,81.29132321116086
84.8761717651494,102.96455974448801
159.82038386685403,102.95720218950444
140.45535436378648,100.29208242210072
102.33820974236065,115.53437335248806
66.82274888257706,158.48781769534946
78.84065794600474,100.56401940283675
120.41147538707415,97.71987028406545
146.82642211120012,126.21633929765773
101.49058348875725,147.67309106507713
141.8659763098026,145.83419127373296
151.14656000562204,108.407135868076
153.3371064689931,67.89908465794542
78.38296287048969,92.71744755252998
158.91039256185294,71.93837980514621
135.41017957123492,154.97669436335772
69.2001500904931,113.3460276439836
99.15990662776358,134.76752819982602
103.3241131992699,62.301444376906055
94.5621196972303,168.36497645913514
98.66748001629429,36.75973669696289
85.59359100160775,110.26559232156939
150.4152949213857,87.39172609168963
165.58031109940728,76.14494966676668
87.87534312371332,155.8346980271366
97.44992552755033,135.90542765354115
89.29066906800558,100.96815137537811
78.70515925021499,97.17264778223502
126.55284969436092,114.29342866710677
54.32864043056733,151.3701376275203
51.71020283889045,111.08874438800815
58.46479273196093,119.89329360676382
98.44491805540751,163.58700965537406
83.56099339881445,56.71248163656433
133.4662477905963,75.1050879958893
136.09395763960967,97.94499804660093
63.843979237368195,116.11310896471542
108.4306113055534,139.12852894731424
108.17828860156837,160.37977109635307
103.12070671893608,57.65506859787224
92.5350860477706,153.82724768434483
51.790729881145324,60.32929759931578
131.07147061706831,64.32812481984314
59.096739610951545,56.648617626360064
37.59547941912742,88.8684330170711
77.48827846344292,41.90574381944514
31.22682141214115,96.41035241625093
131.51508233821212,136.37875891867012
148.1194416961015,111.1689849192109
85.18063593801115,94.99852997131812
111.44119732859474,159.47820679543366
134.32908250318667,145.3711056219281
53.95323366278548,79.65063679505874
91.8144737142022,136.06912126456064
94.06089563103725,60.51131992198757
58.405036284504355,61.94740022033653
142.40737761428267,92.463119671997
73.69750028288193,124.27986720699724
130.68593097100933,131.02539476915712
143.82128368124998,156.0602610295062
73.79974004368295,4.860125863090237
166.94231139425764,45.98743305845752
148.9486600497254,26.358136874129645
176.99870100047997,57.22504494360769
43.12790926668455,51.288333445530455
43.37191259923863,174.2285636509535
32.174073371249094,51.57691547985539
163.05182365798345,31.506350367894264
186.33493216430688,105.22661393962305
179.33521761394664,94.56277439604688
11.718012884171314,123.74216713207136
179.35826723553635,104.64795240144558
33.68259708795816,71.65059923419301
165.12105703135518,159.08553352521625
180.2375745357039,60.29370645115875
172.2561449519394,95.17326797936774
82.01450282336364,29.915647143420742
35.92182804529565,47.69499665457402
36.033864462580944,171.0777313176837
143.85488197896038,23.515314774847297
13.117633754669589,124.97577203128469
27.59855376428724,117.36724814810826
170.0828032055029,153.49169257186136
121.38171408345626,191.33098352050675
163.80589653511552,135.07286360378708
186.9693566486891,137.34860820765994
10.558114653847595,135.28735949198122
31.97106880054317,65.81705149903394
15.086458412075366,111.39464551936238
143.5965814392908,33.94966121665104
65.72156908492823,34.527066063171596
178.95248052879887,113.25766520723049
16.307437141154637,110.95733624045758
175.5351345662369,51.544092890258675
25.770278782100476,103.14013465943532
60.07167663509865,171.13454084292482
175.23355297400894,112.5606411722924
36.19868503444117,42.85836749343059
163.95251932060796,68.66838610432637
158.96147041547525,47.61540845120471
176.10477561018078,113.0200313717516
24.418797168934603,36.990043812257724
191.03389240921592,122.30293390982571
22.038717931092975,100.00908064101846
144.6754195180113,161.2552339300176
71.5571506858559,27.92036977398038
162.43457379585126,140.93530967752287
143.57027413403887,15.452815527796293
138.63066816510397,10.274636732345787
182.1563712293311,115.85481355494613
5.921618336975443,105.58949017683035
136.76660296290484,23.924482169875905
191.9762288446256,70.89857721389869
187.16709174591966,56.814007981747984
164.6837801684014,48.39773526185746
173.9441509372458,144.72795549732496
23.44370427824316,63.282040347850675
163.97902470457382,147.47194714644564
88.73285826503916,188.08015172161632
161.96885896166737,170.94184838606006
135.1985133342315,32.18250274248851
19.973123960668126,151.68402154100994
109.05535561858868,20.290226243614985
44.25406197840096,144.70254642540087
3.9770991074124185,125.0425198994109
30.77989450401597,168.36448233592648
3.5715157118437313,83.26287690915044
42.07775167229033,57.28624386918244
107.01116000940787,199.2132279268352
152.63404904655917,158.98599291164038
31.289480589045414,41.436087236648376
64.48774430440056,172.35262891175879
176.68410017229647,65.62700313254493
35.21399167312318,128.95883845167808
173.4710056563589,140.88253445353544
138.82254001487445,166.49250795253542
183.3435983277441,72.05916291633913
29.05576010509825,40.02281658029207
177.67651141100816,86.0320626751182
147.58142389627452,46.32473461348492
155.59682734295015,172.2436859381667
171.97352387329644,89.68251935687968
192.2048747671235,86.74803806032875
194.97141006522943,115.43973132161949
30.14958642023473,112.7397181273553
185.70448039259608,91.11307118644301
145.70084574157568,185.80305065135894
154.12837861992682,48.44323223030553
48.83363362124582,150.02210674793452
171.26961409886178,38.88584200554415
49.84774649715027,33.30993366005863
28.513445617021848,122.46704162448994
112.6705005983962,198.49668987271053
166.8481639297044,161.40346948938873
190.3327827343759,130.42398676145427
82.00486467723636,180.90524784275465
63.602926757715196,162.39212230219505
161.66705625488368,170.18944363565456
85.46600831818037,5.282827361678777
13.748332829149778,53.24234363993838
45.297349533663734,181.00900835758046
195.9465118599318,98.44345963370178
41.19816303197326,37.29528230243091
154.1552614149453,153.657325686456
96.94838351237458,11.150403790453556
73.73723938148315,19.587830038051823
158.8445953357359,169.87528409755427
94.6992076922567,12.133037471590846
111.84455604463636,176.62591491330022
88.721568901506,3.488343879691036
14.475844045271913,123.50977690236442
123.74588869457159,170.2940495179743
109.8390678595077,170.86686234246034
5.264835553159863,121.6523844021682
103.25510660141835,6.6385084905601355
23.57975587304604,159.46482936471617
84.89879115281889,188.00121639025951
130.3913864688672,23.80113682766387
47.51917898226221,18.16006705410245
30.915368880814498,73.40832129481691
165.02788822472243,141.3633345670706
188.31516049592267,133.64364668791305
49.924627237010675,24.140509736178274
150.65960923246047,24.37979681862923
80.87665182733257,194.39401707158024
117.36791043681633,185.87471833237726
95.91946416017481,8.594206176952168
89.49644173555365,182.70918608392884
166.12056503801062,146.075344474025
144.3342091103459,35.84595383217773
192.56652721769237,67.69977603746923
38.86656893104969,158.71392118748972
11.894928454582999,108.48021870474602
119.89721685392058,186.57611089414186
50.15376951592694,18.467189029477147
159.32295466484965,47.51127449441892
60.409147220656976,179.02262287165397
47.93895621242748,19.164656171748117
86.37614312886703,191.67572503726657
55.20693210220789,12.955655665875065
22.091849627793536,116.90119840051243
180.9150436997959,132.89207547283698
178.9993743253442,123.15642150789408
129.05822325955484,20.4418950775902
18.078864052101395,68.53911323712956
69.90881796231801,35.44545091617237
160.69837231842456,150.48877323322853
189.08497305724336,108.97743764744001
6.024211161946513,112.52097599296913
122.91523770854144,26.76866672844391
41.540981823461195,157.85414812915428
23.859608972895717,39.93706693132844
12.845962246408217,146.38047314899543
3.5154685925496754,123.45439890662536
180.1985335475181,89.94525947792633
154.53324058089018,180.19735120991237
132.08163240229683,168.28104766177222
15.472870665385452,132.8284515913576
103.79523880643917,5.898135188736031
130.5365931173362,189.2002189121972
93.8595753679159,186.2910862724035
165.33792619892964,155.13809213799533
10.479298676288007,68.21947177694956
1.3691235905872734,91.27748801016541
79.33139427048926,188.5970361536891
183.53137416789082,115.4897261068706
171.16629177060233,77.46713809734828
24.99694815739444,58.53488407960048
84.69762525007182,6.596220141845444
171.10636806888124,53.81947965083731
75.2381821674265,17.77913447033006
69.61083861776203,22.411874594530488
48.846795275777865,22.70299676924459
78.81196294435011,186.70111355210054
178.7988476495784,134.36567806954332
85.61097982285189,30.053189918921873
126.22277949840624,33.367256341713514
65.23702275243342,29.61447497056513
100.6322420556134,19.259400756369914
101.44376380877658,173.6059094286602
42.55617038581099,161.2389288911718
59.11711787201781,39.34081140093368
121.59161715368525,29.513956940716255
58.97070639708153,168.70217727472564
122.86519992602432,23.8669888418928
173.41075414758149,130.73086170831363
117.9921213301881,5.970378379431485
132.84962100777454,166.73909910031458
24.6804768323603,69.09118706361521
161.82373588457202,35.752180114269635
31.015960746260607,67.5867002790093
150.18709741825106,30.882446921638152
186.01152624540265,74.64952818697674
71.10327645915962,33.79999083121279
28.830378945528935,64.28779942114826
161.4639596697355,27.66596273312927
123.82615934193745,16.691363922948366
142.56399384038502,173.71313998979215
28.566674100867818,146.12875844440055
172.15146919213038,73.94053173140065
179.08614951657333,138.19479751978696
169.14816349880576,39.647004657203496
192.99339594608335,91.60728114535699
29.03389055812047,169.44266483667138
190.04731280019925,92.20831338376507
133.41921472760856,184.12498628449583
122.86279358346033,167.75442363507506
24.310977976368164,40.031620427154714
26.023908013046082,156.38795076231256
104.95703365409233,2.0721265691991286
12.96081781506706,112.66226052418588
29.424664129747157,55.13597052649632
174.84059797979984,122.52861847850632
174.51239026056427,152.5698098025013
22.140480156016284,92.28210102528014
115.52362187391043,172.1186098526331
18.61483754329145,102.33120369930737
15.854336304630777,129.2014609564719
3.92711061802804,115.67017521170469
195.01356218115825,77.30147952509594
13.787778866367951,94.80280499982265
75.49257721839011,4.0114992160950935
101.92641494511162,173.27865925549895
100.801896291644,16.135971219414436
17.64572631807979,86.14933951327461
23.550110791999867,113.97412002697467
135.78331201477303,16.716742684985107
161.0502513055287,24.474434742792894
169.29852803301213,46.99094798792389
27.2618271082645,138.8278075124604
136.78169486640573,187.21842180024925
150.71350054629525,25.105371668804842
102.94739614391062,21.279849060324786
135.28871020727576,167.64193618805655
43.379965075166396,156.8712867640442
59.153582407870545,26.362796252709607
142.9007077741965,175.03518698526568
18.885528622270932,145.4745933181673
43.03741732001774,27.046437502143906
175.64242707337695,137.8119480850881
11.420985317915155,115.11076352932295
52.68899217051217,158.7033869159215
150.2894472734841,29.836921442781183
166.84559012104236,75.65574352461721
44.06106053741152,143.99353387996973
176.08509700532449,100.27224635998382
175.59092069450534,41.16355966642136
22.697505723057155,139.61018633133128
88.95165495879662,8.38878028097907
72.94157935579058,194.33670784151877
186.54826908665694,59.39446915484703
135.37370539121025,181.1595614545322
121.57022960294184,29.67694065021613
100.4495248473575,17.401593720700028
12.31461755435339,122.27949771080313
113.83581972770035,3.3371372179332504
188.95382567184453,131.50112505552602
35.4230653437009,169.34458468466173
52.595286286244324,19.38470292037855
18.68636935556256,144.50357872431653
68.02348534163644,5.596970220115294
33.358077893128964,143.66037549290647
27.538258553130856,92.00664035933703
144.8258351805761,29.506605126040817
116.6594438656456,177.97001093833302
165.45291986711618,36.62742793178118
13.809577208302514,110.72299111400153
26.5469116230268,107.0667360758149
40.49177921164353,158.86936385030344
111.57128112410768,177.1797068352108
160.91399161426128,27.123434491453647
134.3152050293486,9.20037113942207
31.247349318212514,167.99090064292426
79.16993738853479,181.99174308649532
2.8200714147832207,122.6790709678938
163.8197838589128,154.72130953173897
172.79355899443806,108.00253324683244
39.32477642155412,154.23260034804647
67.00144146010372,182.5030997314223
155.09476393526757,153.15772860235606
10.663301277615345,113.50106434342241
24.52120688722854,138.44547599051523
85.21857322668968,191.71398035292654
154.85690433067856,18.3251427740865
26.258659619274983,104.52944271973217
22.951140389915526,117.82818747888804
17.750008572070453,144.35551009496018
98.11395254928534,10.18467832359451
72.94398076448812,169.07899328650785
7.504511293667604,93.26396488475248
161.84648595324524,177.81885327693067
128.53527268101158,32.73926972661212
179.7293967523658,129.50548281986477
17.662128936402578,85.00872500221521
70.19460193465217,22.900679060974504
66.16978079005574,172.09504058705522
90.15382840096053,192.19559186037563
32.302251407583825,56.70395348880055
34.66024392492535,149.04634220449736
35.8740340749478,52.00917270634593
2.320481182968881,88.23358587474416
61.01093325479583,178.01145168971442
168.65977904490072,123.69350237036247
94.40346617291094,182.19432398274228
89.19877227889417,181.23336297785528
173.13324976885104,133.38380636721766
147.61548502720365,157.90531231607585
67.78782305937261,178.80424662661724
13.865134062403705,69.7194359278178
101.25948596371171,198.8156543943165
191.13840267918127,94.57408415158719
44.70902405861521,162.91890255656241
186.00578926487213,113.22992334574008
199.7997702548311,102.49096561565325
162.51885637969673,51.67973290944512
176.86860942254575,52.257909257103854
170.98321125270147,168.7967300581881
65.30788471637467,188.5402349174438
175.6818484794356,65.51328467107982
63.73283633695623,20.188314174464228
70.81147692027676,26.193373216654447
21.04555509351165,160.6444123691004
23.775091174210992,53.565828273176955
140.06860565010186,35.28274198711474
119.89627408033907,14.150906017975329
87.1580711079149,191.75901713787798
124.16087082571494,193.37902565796517
19.452972900062782,95.35443867514826
66.76768569380687,172.8608769842684
153.95158120252506,146.77151917431564
129.15015470890128,13.170008792341736
65.61050797084943,20.96794577748138
18.968398915279106,77.44824012384028
64.35042858297881,166.3350123596089
69.98049438263658,164.2316682096788
20.24912082209671,83.55296016346698
48.87205533710905,29.746150271551098
182.73827520918462,109.01257497573394
175.4533595379481,89.72998243275205
167.50234206054617,133.3756407664981
198.55499702705407,116.52245874707197
18.92321833556403,88.54571104361113
128.62172131181052,23.315386588296395
49.50920925726672,174.0955141563025
61.97990695198281,11.196845305534442
148.74536915214586,23.68280275956838
135.54817905004393,167.98373216971046
173.10284227067308,120.601945296833
39.327028312620115,46.51629622967539
109.42910099701567,193.8345143193169
94.0694466090199,170.92979377923632
20.436821814619588,105.8038191392159
27.750170611882275,150.58296715013034
56.07787541844551,29.96846714546195
159.36377604404953,40.70690874947003
77.98623652495058,27.06067436008437
180.392960299366,50.82118183732951
88.11523486523083,183.71058211403556
78.43118432459255,184.32404040180256
127.80939567418355,22.264581345257195
9.800124991012304,82.94133842275168
152.1928626546594,21.117094194341647
45.4351503385529,48.79966793538828
154.79389759265067,35.1557932898191
60.476613037938606,164.3390981280524
153.32279553569103,16.065693710923036
65.31179337389482,169.20007498317062
66.05039970946878,26.735486806540052
196.4382576786082,79.74743264261153
110.20368928283565,23.411773478211284
121.31193684216248,178.60268817616537
188.0899161622344,63.756481026956344
3.8782917954963247,81.75551478465863
34.75315397011176,141.7689966186398
121.29347704751432,179.99372514736837
147.00038850977023,35.95890822880457
40.49909971734738,20.398030868013862
101.61552404112204,185.6816367813071
8.04989310497124,96.09155382776402
25.36500845672429,142.3295768466297
79.46402898942647,179.3570145648385
2.1331708828097984,82.03714128799267
13.649921966634192,69.76814930184825
193.58990077008323,114.48556174237827
118.70565792721732,26.048010133009548
177.35895886333964,46.85057356029423
199.88119506051933,100.74189962495296
139.712532634777,22.82426601989098
12.264330634765152,59.68795584673814
80.98246054685987,31.30449400183528
35.94388831426678,63.537444066242244
175.71158735197113,133.00236210920323
146.07834025139547,175.53816176278235
151.72945078111874,24.53330152378337
69.65641358762116,168.784196802439
183.51314669561017,50.06780480840103
17.36470535702872,90.79404216783367
120.60324868949803,15.048274973224363
23.631576796857455,67.60899144135107
100.0,100.0
