121.71458395342447,164.10461376208676
113.49686946910936,79.05248183763631
103.57142213651241,39.04517024265508
113.92857508524092,119.5881787050754
135.35416954142602,80.77253754432385
167.03179831170254,119.38123541568997
83.98940469573468,123.99694012694094
72.76082248623395,134.65678850967905
100.19861600358553,69.40858670133527
77.22436732741909,72.96244211655419
137.33748034300547,109.94782742085422
71.72665988622924,64.03596841396005
63.21448754119587,76.27150778859092
123.05509762259672,159.00640338376272
58.36388059188498,99.25938367160083
66.32621405280268,63.90195899972768
127.3960216609829,56.299803166936414
63.778501640923444,65.40795811880389
86.12838366548826,61.073337356424595
55.83274638945619,113.77435225617481
52.65570096291044,75.21374930339715
116.92104411157824,35.86159912815043
98.26473748152364,129.96051131573617
51.924792103015264,80.42998345599332
85.39855617969812,92.70492057932785
64.57616105074027,45.22839965671379
76.29474184669374,116.13632196574216
113.59648415163488,117.45373442565881
29.685964448783665,95.56839866589432
147.8586738108197,123.00674333565588
103.87985985667324,62.97288406472508
104.69672272605968,75.45286561540966
121.92806727760457,101.85180388814987
97.4227805641124,45.390928087153796
51.959843611057146,98.51838850992955
94.43068982277214,59.438434966016196
169.26679401241321,105.95461362467029
92.89498759332706,48.47432699731093
126.84068082675826,61.28974107657097
89.65867470611786,30.20108908812933
157.11636739127334,141.4006399267684
76.06061671656161,39.01246453135947
125.9759386075701,87.46542107062716
81.24087556841279,103.59027316719609
107.87459238746794,101.37210707967989
103.09319120693192,89.20665378235238
108.71811410779368,82.60009074625513
144.38185144900262,115.32543261272936
137.35574842269136,97.4977348148397
75.83498992037332,108.8537935879657
106.56233045122406,136.42853159148586
137.94080566679244,156.92486939162382
111.05538178922059,83.7571504483525
78.12706736723656,112.51262008288813
152.4400331265917,124.02711290091595
84.17890393749707,114.75440919996069
142.99928779194036,90.20673756596993
90.25092346144226,69.25610059269572
40.08153455251608,86.50052811367021
103.15807230433785,73.82886580982844
53.14597368386589,53.874797507748504
154.7861141923284,93.07866069699816
77.82330473573855,44.89417458546914
120.81592414529854,105.06161920560292
167.15820038184623,81.22149378352925
87.58064882186898,169.3048369076244
104.06070326647054,95.2155721977997
159.87050533246673,77.13345194170856
35.854945412646444,99.97754037725122
148.73451223843765,81.95879944993267
121.8530757159574,140.75976243040927
90.87631806368208,94.0092906180227
50.234234103285935,143.67614468979892
63.12529003493541,46.723772078850054
67.45131127980417,74.7502232717296
113.89164093110942,124.19049011906189
62.158690009901754,153.5656373178025
100.76538717876595,103.89250809002817
94.39568547008305,168.47610805790202
116.08190456893391,36.12785884562479
45.38981583852153,137.66511326834672
112.22385198897015,89.34413019076763
51.656193546254705,110.06361995394691
92.8347399540088,75.40717595020713
130.17052145148165,108.45534326406381
146.33153122427305,69.65605834152863
81.99163061880408,164.25604032677535
152.75551098905734,55.42285095928283
59.437159622489034,96.9284941476932
119.03599000541334,67.34479441375731
163.0389145867513,110.5978912134002
116.61998275476151,62.99807748554045
69.92811751827315,48.300371961278586
96.84650835677213,167.02348118529878
72.92121868357302,159.62584599338052
112.2642900700838,112.02203484696386
96.65953208887792,64.51770798251462
65.36225225753239,102.39299914428572
94.98613029931934,128.27867115657975
84.56927245437709,108.319830193948
19.170436548260163,123.61068894578766
167.72804274123152,60.29388621571219
196.3039470466435,100.39841762139388
119.3974627953843,7.115831481251433
37.29305814273025,66.42283750199309
140.42096990899503,162.40825629461364
6.991849744531953,127.08441055292852
162.21961223979238,51.975803612400064
27.763180997004255,154.1515624370255
147.94046252220946,19.292597410699088
138.87293862557587,175.8971121228162
86.78557058908937,28.942509559709073
70.11391174243383,175.58035940178956
190.573161196508,129.63565916966445
35.70093750630525,41.26741816899715
177.09515111897286,93.58340109830681
196.00177849221924,83.674857223178
171.89049527673336,77.92614251738819
147.88762810096753,164.08283773639042
164.36139921593755,36.09570712074572
124.59149267730918,30.834401734122906
34.14643347907691,38.81848898654838
22.561884956385782,84.1399639579361
99.15475234177407,174.55828148804292
134.71057465536327,18.29903792318659
20.579917593654116,62.700843471736924
60.44568203781289,162.9256100758448
81.74581252250408,187.6206615853593
179.69957520629805,122.06638098822921
115.75714645703667,12.91089696858332
25.184498927029253,62.341371471177375
41.64825370511753,35.122103133176275
100.6708435352899,18.10272647165343
172.08765630110457,77.82354271266037
172.34699823707652,125.6481155270659
163.34044905447348,149.8151735571329
189.2980744020006,70.06905823261467
163.88067135676684,27.00998980810141
192.2264728593804,67.57438134582068
46.48624483037065,163.84827125329127
179.2270640667519,130.72369270509307
111.33540442191065,191.75896292098082
181.6264855946915,54.0123395888896
142.4228176199631,181.15530285546825
170.55743065990853,54.99317929615024
40.830963027737724,50.73097466658698
57.19776162317815,20.850021087096415
157.69160384675052,57.92518778267963
167.58459665765386,26.748359435851942
8.322378214355464,136.33921912369607
184.48398893145225,94.2181954901265
126.3202516650739,14.571197140885396
28.95075301305594,93.77523701008965
129.52534124098568,12.351601781516575
69.68709961477539,186.5739270750726
84.0246371893176,189.82666411012897
76.05164960293642,169.7434735459654
47.475560221825866,173.0886073437257
156.86942893662464,170.94900082166504
66.4474938696263,183.73976150888956
18.352749276374027,46.05890975489331
35.638096139797646,23.69873461821548
97.33544377419774,192.88060163931573
16.11902754328898,103.03984679780056
157.5477279191874,36.20007904235183
30.20505967174165,30.09295812594035
159.64587038539207,46.02677155352441
177.09770919606774,119.21945365235209
185.55481523432454,103.88991077149505
20.69694469912793,134.56988646399984
137.68480633677632,174.60773166554634
91.27256890426129,186.99342885500053
192.2885601530053,62.59879148853293
128.86968688517356,176.5210480762746
13.536640779926312,65.96053746480406
69.30823534722954,19.393164968676736
110.93359797987598,192.2023696781374
182.57017160970204,121.91058970539873
156.11635236803855,41.634950685156284
29.332267393661194,35.24846618647259
18.564091227405697,146.79236378068143
97.29527463510993,192.5628271426882
112.41254198098052,181.06483931305542
159.59700387724075,61.46365033659767
38.7278106505212,153.589456294557
68.20089093571913,180.1134981808727
63.7783714213998,186.20746670822695
137.73871224646942,12.383916769634773
102.66031961108774,7.895327866457813
154.21597632717908,182.8084181300397
128.58800776242484,182.47731856261748
146.31711652361463,32.546952810149676
173.08825021180604,58.22266405210898
60.15039625698746,184.44830654936905
172.09008701321153,72.67263361160276
29.85325514966377,35.75893518909914
188.9424813684243,122.38616956946655
178.53154754501082,127.95947487165336
193.46299502744387,64.72934764170162
82.70506941345617,29.551848344593967
50.0,50.0
50.0,150.0
150.0,150.0
150.0,50.0
