138.05263970422078,142.2352850093208
106.98252788339914,95.82110255239338
90.952790456154,126.35094566508904
152.69306064819023,137.86514594340468
137.66927682844747,134.1213702816214
102.7129650720878,36.435759793587266
82.43146204625012,56.087032230867926
101.9381594273115,31.012903537430823
121.55943702427841,100.2553266256712
78.19275334915167,33.622861791725775
151.09971164935956,89.10204468138004
91.68053955820031,107.11439089931065
121.53742381231632,38.9995440592613
116.60454183805808,160.5070179488637
94.3088178703247,40.46505859072336
111.1321110889888,104.99361944562847
55.668478409161914,69.30879184488316
118.95453746262568,59.33390708413724
101.5292372407548,127.65939358828726
135.54299177372755,110.90729509897767
158.03477476431914,139.49026357788898
52.40968150754415,136.79267660319474
95.32689736400495,89.66652309047807
118.14082334126294,138.81513848897714
97.55330177765144,170.57231990387658
95.32765114215498,79.37868751615107
115.86441699077317,94.80380904152443
101.42010808787447,154.25929142518643
128.10348606249173,48.474733315482595
148.0387592047022,60.55403499822369
123.72927873188992,38.23946845551029
49.88513116371816,84.44323823088018
126.46954826506891,87.90457356275134
77.47848918031515,132.02026292349163
57.05742005856147,143.78521125115958
99.09637248972575,43.51301622448149
44.9242172344039,91.11529905410572
111.85024167962257,61.26005538856889
147.58417192431077,148.68311163996853
98.66265078048859,142.1302497663802
138.06953809337963,140.30961537779888
160.86118828831823,68.65196703887007
162.96930306797768,70.5780936165574
74.03650062371159,67.14918821742903
59.5840173540646,108.25030847305301
85.10263215429762,105.90625309732171
155.88557874101966,58.64309756144031
77.43239979421173,158.68852291067302
47.044613761872526,77.99464219263956
84.7343089341104,137.10902636728127
117.75895438500356,51.46558496112454
106.1242790358683,124.65299780218093
155.40891824291472,68.89187554955684
119.28855788596337,152.12642359196656
145.08481897069078,119.28058894440024
102.63232987956196,99.90779271172889
83.99614353250213,46.67020221325235
61.481294108341686,87.64143915108167
156.63156366115996,77.09279669610982
33.044832150602346,80.24483613499775
64.15495097163604,133.7592531335369
124.02246896259439,128.27613248486048
50.08403126832146,99.15201300236714
71.50653957742026,62.69851163387905
61.53113872170155,114.78072680684109
120.34646179048568,133.27992273203034
87.56431356016611,168.51397034653667
128.10819453017925,105.45423095537967
124.01193615526354,97.74676508595097
72.51363285153664,145.13955415013658
76.99832934774138,139.7098352360663
61.146592083907066,99.54157574959159
31.577211467340693,83.03425018172436
101.40498184697442,51.517376209561895
122.92494066520152,137.9811236931224
74.94938843935692,150.7648433830106
132.3936907583356,59.83952325383726
75.19787544957357,139.88558943371652
68.03911696291809,104.14615519905699
73.03178638319511,143.01069655777363
157.93547225114912,112.17080127255683
155.00145642472927,81.15682279647709
99.56288439968648,170.12647287512635
151.013817771723,99.84537843020074
118.71356146684366,86.90197196536661
100.96643778316987,85.50414178493723
139.943457610107,104.15763831540434
99.96411021990596,120.22115028156387
138.61381489838104,53.857026338941424
50.76313019813834,135.31457320207804
65.59927622512285,98.11770768476681
102.65978999362441,150.67118545226558
59.54794909683607,46.16125262029522
76.07771329254793,64.45498728964934
78.85695020745935,135.22106075610643
103.12412795912513,55.668752133823205
70.45187785382092,41.70964084152904
132.2341025105371,38.41633579991066
43.559602429534564,112.68223601300274
93.6457387632711,137.39537623328692
66.42261787295365,101.96264081231578
110.12974435234544,89.69747727257982
158.19211713728544,101.79724093019189
147.15476874799083,94.88594523042929
83.64352857390085,120.66761387031477
92.39258759248014,101.07078085163035
82.85335007159145,148.19939621748497
165.48563420659613,108.17098457174794
160.41122569081864,134.3182598027624
35.194633622919255,111.93226348390661
38.8426488808217,114.2736059517331
166.31220622988124,109.13800163429448
123.57758466533402,164.74493985015332
41.37450747597604,68.32676138162171
41.94198009311854,101.25606907993216
152.4419116842479,64.5697158869728
73.61569251016104,113.34635078099582
71.44349473473348,50.63760933257437
56.48373151044937,78.7705713719801
50.01355590348726,144.28469822447232
82.03187840830908,78.07257985008343
117.15554734716589,114.49357561379054
161.65357789373405,105.68383895294109
94.19117876496021,109.74579950294678
47.86479403100712,120.09326483941322
96.58716737080168,141.04538431258825
156.9124587831913,127.9184345258402
71.23259545302282,112.36004421865917
81.92958124804224,107.58182184785086
105.81417183311599,99.07713592807723
111.74986840118426,47.928410395741075
115.63223817076282,159.06213508730397
103.0887021284349,125.13883193221622
90.29857585579579,100.36097117653706
133.03614724092412,69.0258793082836
93.38385127394282,65.787591058607
147.69910812762913,112.28611541732792
75.84484163647511,53.86877078023369
159.80986954179784,108.63867517348113
150.94911171592014,92.42376906474306
134.558093091306,130.2022911590645
60.26698937357769,84.53241794630036
93.36183780725908,62.42514401553838
135.95622454431424,119.80671107436571
97.9817490437523,164.6668020480518
71.39281886318226,58.31936611522943
132.8398031905591,82.99603673589577
43.57938301779632,94.08239560631131
141.58545965736528,76.4542055601541
155.4022270586026,108.98767312410493
90.10250606574586,143.8551152102626
30.7424270390678,106.06564119163082
107.6695146262721,108.13031856675931
141.51511208270898,55.41331019003748
86.05365301584149,83.9067278669526
135.04780507001792,69.52465938523132
69.55996199537404,72.77976901580733
49.55285564626819,60.59252724248039
130.81395391834496,112.32363864345545
97.87198482662957,170.0124541612534
132.12329842502274,135.23512441104307
96.31437700497936,60.45975066368949
66.32211877669477,108.0318350574526
122.1428432672018,71.19484536468224
103.6151240624209,74.92614360877002
85.94906727772498,144.91187407406227
62.10257536040737,103.49538750263856
77.3477201862242,141.68370148204866
93.51998002998154,92.13929085622412
120.46546175001598,156.0583132823399
47.13856191105064,81.3734441505112
120.08396332230318,81.84138999454747
159.60872459570083,121.39456964506891
79.64602784034021,83.79834387500435
104.53941702797866,88.51503901807926
89.04239404844311,48.19901580459178
135.1105758971243,121.18461403942078
162.3695881730413,101.55512419999162
151.56097659526495,100.33060625182586
107.69352986131346,94.17061469967685
52.77879994700025,140.8175881805062
78.93181855945363,118.4476176864877
113.69907204290963,104.2774735055028
71.53977871899522,106.60278324951314
96.99252559744822,32.958041134041125
96.41686172881995,59.67513611801192
135.62387615788464,103.92127193848893
107.10400717758648,163.78815220178853
113.52696269935475,164.07771840239815
46.01517117366141,131.19621554486233
101.44852661701273,56.75739320767088
76.18351521965695,137.51079441851005
99.1013276540472,141.9832238488998
145.1450743548346,108.11220072910308
53.99191420452598,87.91561308040414
136.97145263774044,55.371300555488425
116.19850847174808,142.95173204468944
81.84315080813631,76.55263017312231
121.9788792816585,116.8022060046923
145.99537708751106,79.4635903775855
13.018820619432292,82.64059256102323
29.122956458835027,93.43279406452267
73.5002906086827,8.889442987688856
167.8956487975452,55.15632260028125
190.2262325065441,138.01985472205584
45.60214405036027,41.538244727634634
75.34979468397805,13.618624541931702
25.691587364436643,134.68651951687934
142.90228138282416,12.67808611588932
156.70733135121523,143.21872705973558
88.46345280319674,183.23929945970164
45.5554927644924,47.500493245778316
144.62701237621508,43.61630514826385
75.82942143012363,176.47480312647622
111.8544324391767,172.52698379860016
88.20387512688926,29.441517854861953
141.698622901407,162.11086526904774
66.38509174921727,162.60093624625628
158.14938162433657,176.32900783145104
160.54368509750205,31.278096392361434
150.11232816718774,163.58976837620924
175.45583505932268,162.01847805785056
20.000016426392886,65.0056354001753
10.61035183296859,95.78629663101499
76.17164181387022,3.4516455076105457
69.14174914811973,22.565482374486724
170.32337217831665,147.52837252028854
20.934961078794178,109.30555221617355
67.03020690676655,26.811625117187333
56.4582680072115,189.26275260573823
70.96582040441785,175.19600667169624
93.15411571086547,176.32335713528659
114.1746926488441,5.938789356565222
127.37034756195509,5.171579417226879
24.87464162504289,78.36169635641406
140.19346421603538,29.800196069592054
30.992748154320715,48.60977863521783
32.769197378591805,169.8988085280581
34.03656906999086,167.14659664447458
10.129445314707496,137.62704250428237
53.205868249458476,31.011835859467784
64.15515555713851,30.21067351595832
25.299165220312304,129.4505980373439
4.719353550647054,87.78013367476551
45.45999484648004,183.30564057010633
33.7557485342485,137.99558678878122
181.3027722795348,44.76290252446731
42.55280198279938,157.6320571664501
174.4056689832672,74.77368282863881
170.98686729239435,79.15694089409469
94.44749016029354,15.588059426414947
16.78474733176467,136.0656799314857
34.40117654207919,133.57842724808825
19.496674116754953,154.40652167088652
67.73711164363321,190.15248827068953
61.25885834662827,12.73408123124824
39.87549427732424,150.11793653240454
188.27746286157517,103.33707028284478
31.92466531563303,28.488995926628302
33.21711133434948,166.08157885069446
35.68032132830683,163.22358695699896
188.26263073711647,105.37927973455416
57.157196725510495,160.14289517434614
117.7888287570575,181.23409740420962
102.64823169393729,183.2182887605007
78.73033141817297,180.77706112038095
78.65911281410547,21.4010173345631
143.31342587539748,23.97789459590618
52.801116165273385,183.28193563943393
196.82973741302413,83.86423824150154
33.4712578146128,148.0820948330843
32.239394566846904,151.83003745244704
40.41410746322749,154.86926024125626
49.74921903104064,13.831495883853506
13.509369250019887,60.11948672010272
95.53158627740257,23.714322337841832
61.8501376105135,29.176715664197662
165.23442637773007,147.80910779484424
46.82253737300424,47.85402930689
42.93864806987469,160.4194145480491
144.74820521474138,16.084577038394656
9.818072556349989,70.82151161293875
7.396316845600692,117.19611147399614
76.65416448776877,184.23576981530857
188.4675420194644,61.98338898135252
79.61838568684276,179.37100347402298
15.641887547525467,108.90820261618848
143.93572312033228,36.640973150010446
116.80069678658971,26.125325271202616
149.95550191338353,170.39457838151853
195.00206288275288,116.2868514897541
74.78294544144642,13.450763395676478
152.92622507586552,153.51378276018738
170.61213684484238,66.90702371861352
175.81660199707477,124.41717773899164
136.62245261090453,162.1445515585787
160.8252845020984,156.18028216803737
141.96424093912213,18.62952554354731
35.12583129783631,145.42657119557984
119.84825634149345,184.57454639953116
192.89577582626066,77.83598782302157
134.4462974987151,168.58103935804013
23.806512151590464,158.35783730297038
33.596134692290434,146.6633450064237
94.17390455103045,15.63333878675055
45.807946854992565,25.7646945108575
162.52564124361902,59.32811861289693
11.76135508784164,100.58165639928407
76.16633379692854,26.398535649121158
57.487267066059445,177.65844887876332
80.24602696642857,194.0636040596411
179.20572862635012,148.87237210404786
185.390646615227,77.11823646593079
18.29706188289062,46.4109323738565
141.23892545936627,168.59769811837432
158.22675295110386,21.71859295368266
137.19400358528318,14.99589721029302
166.31897231210843,159.2570096323874
176.67881292286708,159.57499370665724
6.890360772496429,87.95343927333302
70.91779830085234,9.537868944777284
27.522477259120336,152.7840070871462
176.42459923181156,110.24870088526903
22.80794076258088,98.3049981285262
138.42975494860784,162.92005017401908
136.30840444873604,9.993717304780493
36.7490556346443,57.078270104869674
38.0905240170889,137.27117117222187
195.59874477624072,109.72849968641991
24.492670211616474,70.44414225249034
25.860309507684896,117.46785527596384
74.73509045115475,13.631146910058733
160.5893625180001,171.45127243490506
153.553356849742,28.05085034478183
187.6257862169608,63.990859518897025
112.92272062152794,10.726836269425387
140.95327503281263,38.492589260460576
98.21931388899401,186.11155435459534
183.44569587289362,110.42892388719558
100.75232789130146,187.25373354770326
154.9655317015136,31.441751054362555
62.167526721624554,181.35327664534037
22.89283447741688,141.98678592852693
186.4956162550985,105.00200133496098
178.36455770756046,76.03415043935459
120.50226961597367,9.04609857674632
88.38623490244699,196.3579823050833
53.56226249622678,20.09868642422441
14.751919753574573,65.23868298617724
54.41551583757855,176.96887302989214
44.41892165562435,33.762422274449364
109.77638936145348,9.035957939835537
193.3730620621323,110.22518494782696
21.926422572187487,107.93374038855362
13.782090182939966,71.36105630446717
175.49697501666876,117.28050717139126
179.7140787156793,43.50499925021229
94.62013323658832,172.61479571687735
40.18878202141474,179.98382921155772
97.03159959003416,196.97645931610427
41.7197193029172,159.51035543220164
104.77647603157368,188.84286011426124
39.4172673547917,25.216479635527577
180.89999256512218,53.89677820393859
124.02642746960342,188.24512308198433
178.17397353888762,115.93432941588968
27.870483092523756,149.23591869095222
179.2530066467034,76.94565575270485
115.7980314650237,20.746573740553153
159.79678721185329,47.78053309837802
40.43894122010545,170.0581236297558
123.30303162267371,28.689429143850596
21.139184782845266,138.87157310564731
12.003115115163743,85.80957126360566
35.556888405734924,46.352261810833895
148.35160848447546,166.38388412794427
148.3747197276739,43.24030996351811
25.13383582079807,142.78791900959538
161.2822912880621,63.922045539358805
177.14356098142974,110.16266087726783
187.28503677030645,65.78030672310283
93.59463196725018,194.09086402291237
9.968810042140941,141.88496772872043
156.72038864467567,172.308946310297
174.70846201755415,71.01979026552286
67.09242230984526,30.768152882292043
57.70441691705337,174.2951174241214
36.49423746134737,136.89201123351162
101.27860890688072,20.35894297876133
76.35368034335488,8.921168288296922
29.269889961678853,50.950205705620164
191.97591772099568,84.59035105124204
86.14617365421967,172.91773402114424
131.3647449473959,30.728215670016688
79.68210295411562,4.190619021625186
31.89032224577486,153.56368671827653
88.4559849560877,183.46914094868336
179.24222576922386,149.4887801868847
31.245225261838215,58.86190682218635
55.626453971655884,24.053630067281983
50.0,50.0
150.0,150.0
